550134026126571254529678397
2922511181952840499394466179
13901503916108157774902405101
288588981605470679660311375937
5430738719936523749833778680459
36386349637116451606529932804517
252976663314041707786682065407581
9528340774003434345667243869990823
20579004800639306205195159881250059
161662702126810572407226027992469743
8120163077185267612380245894632358593
36924472816902559212368089634931218861
815544447186201312173526005541060540329
5804325293356044909159804129046030377937
37512321630584267778168345752608289902147
312264893494582497547038366453707403677573
3245441600817018499546421653175052081666991
37448955313862631205466423680203167077110401
817277673707955311497087972289834102884411069
7439582882273262938728947886452529708904713213
35692432291145977886917371982945946704104684971
973335716326714913818489609660581872142032993887
2918671299366102447745782788803954424646701421121
84245744721550166575782437262807407406166758966653
671189238126137425261720622387462407886123855372473
9697077280344585495539871085064092518347173881504229
98297085827340072637822027837973807115911146192585669
