429638715461064591059597673020129715095606824325904431
3125520809969995593070291470196600056060532077883099069
28671380902001280963556021309950940034705168535158122363
917601449746822820643734599633355959283600772333609037217
5367554339823597215597824976989243028168657846667893505181
54991780070726460286201300308150591350406753787422766853387
426924043473988228251450007062600412867594259371240139696291
1889965524495837628354268930271194388944095716473382798286369
26208306834038404318549953233476199380375949839995230311991813
709387494879137375101335906404814188121395429648387044866433913
2190138243377995908005220108010715107951831400681901057940083913
38069298612686346466071259616562570293248035591993201425073872493
858460286071525687862087720310872260961389642662390804190558306219
8086444829350874571400439660171761453502998307364466369986858523819
93570539679708607989018579502767275400989015155433704005255164423079
160325645358173476548649807233697727918543297919626836090660123430417
6722129920829483927623513899242067389589801981464119815330839390236023
71238363787997615286187015784208272527585824118257231151789171817544227
731219116790064047406133607444749179932559668501594010961784430549633437
8264734855815381634185764980810941185894169794769013740403559546161428869
48914416859186926189143766680540837895320339435046560786565894992727500009
207586520559233094727453224900414932740561479439085346731657983356105150407
3487155797761897340003188444273470968498186322485669676608596202734154427203
59644667866443353714249623773001836459499765377356899090883908508158746431151
451001909682219233606814775502776877457104936201104752348503966432321564981935
5379266135840667106482410164241531907710286071025997426622459863740929698391965
69025531282653969671144022365672295265958524299794703105347715514208560785948879
736503715489517193372675157536755963522274415790987420517122034280200167131603533
5034442510924723117903787829263178367136868651128373814780154062961055026086464505
33344386412970814327129172165242117621246014282402416211699971102963137485221474477
431773685516585114391237657223027646167306032179331067336483321142036642202713029499
8610905608256559257760369995198687923160831375906275629464436896115436033415363689601
90849154354994981587258598718755267098336889176886767028307924057458658374912623691073
723775729111891699278366605049700688416398907800313419867269604567859065616995768194281
8584611482187709648358731826485031807704419238063627762262502781669920725269330497873017
85104707177482957357408584144511036926901111314813501065893354115671320984704752025584013
359018626684070106383305666296706097896786656137824609075879702126965819106937273417289197
8962444596385012749638966548228856992482148473413905968218396692451023391927015104279253867
70640187667955106141172640953295271197972094370558330209423167798124986476750777221833659963
702621397177518661337982198272293258665177300578039133496598710040770944269851007566770489389
2735874899015978906371867049889704147650285780038455005010271957162342967956404470079147360933
15162251700641184765036568441630836511999460356402857108295308384156297814361007181050609490823
518815097216225301248420172302843593177132272090041799166377292355903323662651289156331018823193
7074402039757686149034813463992159899593910989880040700447412535041617917610361948974061830435315
10771980101679269469071093710178031687635585799529715822264635871977194253600860881725538254657307
653386420890350945866418840568928318189905431728148084343224553564044903627832394596597894807632835
3886013116338443924408075762161596533371649828563181233744799369014940152181380296400824878811951301
94789514271699888331356471724967212352703625107558103889308602656233313742374885855451236248010507253
877122243793533653824169166914184721140240459427061587176840196526345160881494336963330618524502732621
6572222316780487254033579476619291233270120566314807015587240081282185393528428134292700343948566265839
75553282053445133087707616295837948173777062207450393959412106799861629309223254956594711140507753653677
697981306039368322270801218411354102364689784767509335788934431425876590454431387057684338305252813595429
5976357609294789870967265505359581891012455901903515662520789997007839954463161904384728889559048527902111
77422648081722245241012962382282524572744410542735715365245401365987647915586454907903028281905533934505271
459482276646979885737677258904266561784037896271775475561037333280266973058866049003476324189368387830247059
8620830780372029762612014664886523483298496042159614249692682429735339589625016753755331333931193527002204541
81524758265862779631647479559132016872133754816076612896732549098204221522854949913966256350893387456020473041
299210771012702485222076238913283447744094847157724280673486054387567285796437972743747536144979843853646138069
8780325137222989074887031983153033783017563831690773825721244681690762223507976023708321345105990798908943379113
48276268991798079042812941704274680119247279102300115421497554044998429260897490365181531497951004914234190710723
254840390576018834788379818675284564070928283814003222262476751977368008064073059083166773885353544089091565652369
1800271686553291950978233053635551410670832794564467413697752031134722271189640899975156251384002984795112506112407
77164638877325866158740247752485447050184878805913400813658010998782928544597212893177623434146707334353266551947739
813387507727703020935250505246235672325567694158651090150619322949678798312996186656212483064131345787202078767252425
3977524793390889804151824643317687472216352284166665005459469937914979001396714875079292912321484359045169817370296945
49444312072209284196335156814396813339529523221163947680457232996885620145748907210884982142942815119611742106578728433
557523730887344140944995257048130901730009332424542779464356324430736516084971804456326038957600610572114095215493493625
4750946000556874387992441853366138999817693680110198673463890009209690766891502706339552978795384723772595053051350680303
88748779890201205954802834663857743690372240916701693132283453267907632052515489113025757925434277487467868792071197254963
983452200257484897659841632561188966892269692093176516664469950986355199539666284353695741939103552534077723581765058820935
1787428404627843378938445805719712744723897098683849399102337784479545459716251978209055613732617623739664460012266749976975
64255418359870740534423575400733241722046116794375657678693056277910800361890238610372813561585877178408348810741859437038213
929561422495223691679382370792491278330938399984256473815858511325142200791856055896617382405911986082208296070986200282754199
5664395970069508647249021465169625808095160370392909710594808596909741124529648628744464691261824630576869564864719234747716389
42451577765242845562203695374420768414646127769049805118878859308741499615169438572842002103452371149939165380208575832000810841
944952934423555310156262823999943244764813898297316934962551261039935314981076737097560517327393585528949499146769181132245652085
8795927455246462513682775224851704872374286063874298465606106607693481777729788138036298762145442305127254142348905850011307711711
21066424979392203978370998651835276845275595317798008415585460098336958418091049315682119358281640218236203686301120095363763202387
167361854020004880874375477153421490296466278435341787970165046315877680041789725795722568270732003802515317953311568941680073713889
1817347487371416464558485664058907305272516216698322338529591652209161804833197797250196547240290058790736797346634255966400832079527
66853034599670363171478130206962081814578929698085648842089957095364145954792661826567688358786813446265259562418843113217141698101729
341851774911415291567896930450465759763080662979847562440603563951809217818200322135019077214980152676971719066468345322330609565633837
2688729431775482021520583247074527987382333459639600678650288917565244818588621909313927588280042818749831462453346280345016562749591947
45365942087127274351465427701040646048326724228672149576118340291797173755165312625227285411522179924701375469568082026908095780225417091
266459511010555989781863816566016410893896248094185016932538472519377562097536952853785207446629264925537909368277046255019788733092872065
6812725737081704069157752311546420278823347563773711050017496404197849193750668070083503526043490828296196901352908921777581437156231480291
71430280527651398257867489300216851693414454300898568190833308801635874874929756110175082254476764215646428575109135447481121384628187587937
719131929715170140220025266383779845369327227987832169398716251073261314763988302569002757680827419533261106430321463265731380502529962117985
3595325793327400195721083491734304337678187180268308857307459460791653297852602644511671748978145175259541669282557623306759376918680444587373
98472288610765104686171078950102275059467953078620825867717980049414128693433286337732494999330878717080224081703451203134380221443097506032655
795056462139753425851670989060770899554937497947467005715538957680123734507379885363780497071899274022994453610295327294491695496169626522330253
1714687502499160292259533097485519722263241753044878729980919065997686795824803842815681347773195769318865308131502030865307271203740688212535555
57098806957764662760982407240820750009055214122754856853024561011490288258047129632330067869154730794237367692325552969551627480686899820156489233
887656429585146573671843027724437357370949259222121753639569391535617469510631198632685882971291603252201869194748847796143263829283011721185536151
9931890252656409037220241744384645491039325595073777172402103841434183211299270088926251079048007105935898470207640969104175709970420859029253417781
90592809078541801793442173659312896100178370451174433983298925330932060746256242690811063216498480434935880674217514760208130556652914763290919502137
303051337479333233266923921289761950266743166907936177747892394383629011966578185338813032272713746968730052333155994541719045178321471273816200294843
9503776932267119062416639705410747935784859668437559238758538996664130742311137688819904800460563689355943948349304539378389940395632566956034212643577
12254501266731757146867051041642645320104000112565097609594667973880561802848531776421945249643982160959633667766507049943045071911288104885121485212819
276931569978745225421743813711493835071432087227284382748881004045951419449118641093368482107983883631291901761085590617229790739397742071587425830410173
2644423319647041688520789034972064104209202956471132621097082896095016430532343916196591183518732297747025492874410494212898113149359634675937404051664353
65704857271321332439616025733499030631775113718388599567645789413098552377859828845981967538956067999931628993083019587814288842426909523151028333742851835
486846866871775643101106555819824040528377144282593514529182372963248020682558573880287200923015511067617911032728684574241369750981942483686540066888065701
7923594900492501527995326743180167217311878209955693525559439265819569133128220354014274474171746355427107736712847479793385043159358894600917617477072753605
23328527133275343298133649826616778636879183877826707784486979934411539491078458596256956388357503448226487826491560557182140158756085410571605603877066786175
158231665587338649128176120883517331571396209860289710503931945637005416537508326106643253697748326184357323676236987113566438444150480093211016125749941935623
3346283165284913950002162700774854792556081188967183801356731845848660139865936733385791636164941834695788287763954938588991828749079228375420151339782961934501
60098217569374796651977609307921217983311798992488361967105975751037185467109773643625193293262950992756103894265785664350313708495682826725113490946694307743881
792000827104383562494779474948236995848545268047008947143546183700278205551821167255698100621049931849590132779764576539267933362734594588636506332168555669787947
2643335381829189246097590614651043196949466778256166399077748896870552742292275884504200084477000372476032742372103386386685418121281483453602213121557302455284767
50620145134291453110681937325882416175727552341768502214528300552871617339563163412582428556047145570711856309268597626772201547287089920089167988227708120815148723
779761329710056286159485431488855927576369915385902168769198124117515270851636996041976738391768307176237470730114440106391315576349690176639350293645437803096717751
7917423139005266106350350712242392866457674848923502878853216046936454031821946387387241057779532747600939582961421635795418060505886152888261639320029621613247743925
37145137791039400782630800664645041309094376899263796498689844055397168617337835559101867474138850098712090390223726313133879480499403180978865446446473533340036207209
233081352123677546699208091668857958742506129134127536111801315324530540798044357908799299916043221162937467251411366157997259338789799437564525560853928289149085695285
4266133093145434971373222117571520674878774864845661892179029427752642338911723561821694391322344175505199881625215632048401268146032698037073094519769413074475556814893
21966991093679065152567339385073434780231185440026345412104248323502143937658085379816879008228906836715805984627039114319726767732704799028138020520553427060949187400499
972892459377941053279206901351380933634596395397339690350719998042957600450489575678337498918079750373276461866185858444596417140604524328180132638730428158573109604152097
7388105915284632693790110090030605647659214905591230833699833589934475822198541654248510888064106934507707707706491685613643078502993420191770315990863388370855103829362373
58964279316058245844252323232535382756744549092275905878500838123838030237923258862070795283540154322973852678971915735347317041468206257697861885565516571537624406427950483
770584862078697795702482176729331191101675543622613442354222239310786239627493819649467723205904934018122047586536433410552123592737303758458351933279941909575603238498951693
4939235244819836122099333068541834357186617944614130973051107817664981152297092218084886000378978545909646253963015027414392605079122252168453363579484331895457864566130083329
12572687569916060708106849055596150010921161095817322624720445335085727966815236356012334468443506898010886334225799233773684990609863930333098207802944733076484804457697267801
249782360928556208809644350395914640042412498186597476634100122349851716712509882703682891384086193752264941954625167132220462697123009783180914571060259394752092406564306717589
2819896357762151223315108815448469499215534071636341250686677256453840046100969929564352597452230559207060469136359446992829750077049852316092899118272423281225465679225104693293
98611559885722272283612655227123179941263589661266360574536652653510443490385040405855483336120983450601485573744044099259776717411412518030546081012416475957082348292302161715507
129641898678443703946327659560068052264400130105890097664308796785677233476042077261769799636527969195054868692011571880684616868703494564561873454359815449568963942669699106988857
8294539390801655591889370732463884625357307807756768256220657205798295707816731227290831133391949414888930108213424471641576972071737152262000787638543297676773415350272794847080213
46790531837102161503200497681535424934936097483361464432521681690590662484540169400345075374337364613823591247390868319495430393602853257783055550541047014830711562767999234669280043
642119460561675675404091202250584667460747277964436102203669875176447375912879248803682065971426333320554727552420474635533540477708484544550942405445575218682597406491496975696557813
7097863484574876322704876813364220006048437928783423055491695211934257742949677057125168152898157969546524440744634640000848461137641775626979845074373105749203637340650221551758252627
44587021055185959727906520849480541934342943902642734193703499859863609777309530913419971314324039538168365617287795096876391107293138237387691972065299225745288374522645062938465837889
179359875347347134255313544950712513136946559392976891623024334256689039350799206222594141909027157962771613313046593276149558430132205294070835697693689967051017525023533001822196933211
3671284439920957069410550083078755193216474535362351491758462777587775090391206146733141639269093461403585809397177028890538090081326364036971769819406618877226974369635609025105387141987
48786824639381819114537766989819767034152458025462448870386879689955890537590260867554085338367854537309085823563651506810773828694838819532439726242107395145710676527455148711516603464999
303178031549970983290269279838130389160438929658633295589138345578906123722798829362129842405133385264444543140209711650888390168970151677198171086885153003180715809031863561572745303066881
2651787048743059825421907516815987658407221522822689757191096073699586273636941442973262590743416404351238413698148227185489214760565442163140750696305917649640867272097061919025159337092477
19943244027277159411830398708607063558933970256306283451470990563911594887861937497402788564909417082412514692015121459598296006784883892729246527376620908521459469059667405595623951885813957
359264776438623302377070362617209561905550121518992541155798304272095439551068847295758472009737960622021410740960118958474503927882594669592885340000131552458823248244146858744684303726830069
3217162423444096611443044269287645431478963468063321727175154639379282634933014064816785065075053862052954330045110525909630405521024866936014554080897722844087735788310445674224891760327886343
88113851777602382054389001926816940305219893859440132642589758667112061663451911306829158348532258725167459297445915227992311266695830046754275755843105880455530082644872404201694180240792572609
151926103948000128555130736919053349950886971837689856501092766864220533605411020170104775189786615681935932669129540508965398291181064473178492064766815350486645450864784757443528895253453089439
5180803759062056341777945179075045818706069594736695698622822921969000171161348614841840567704379713751591126404061704098390798793125656630930085626262810467890682504076406402328367237728575769455
15954498647779989262963556994197841088417527666011601951037766918478603667133002450653122703008537109041714285345343379960466827004439525130552012314541835979703010196184581143100213838342483772751
910117827048132723926885620918863858590420412869611783995218622258897130623268429089014584336111886021678517081566315746770956701424332854320642584584541009639468933368557589218759606224774349286989
3118641831441257485376670542945939302797651297234902385995072391770170154566954762305629824228686856097539903667151791055281988634036785868722570627017740587238146364006212439976470413819737551320065
11352183653048344208689173013175671966158329538065541777264062287760379548572443503095008898121134726299520938136122258794762376027729752741673787460213225218945445115457836731601568623711623784878401
