1
6
4
60
12
49
843
639
364
2384
5505
6100
68131
68474
29651
886264
693645
740436
3422643
5578348
6781351
27517749
14396052
21687706
313492698
528985412
820125654
7471689482
2551559164
1331344158
48997399111
59937589505
46661106286
164493169083
636438697958
762395486397
4737534497080
3896881109024
6767785503597
99082415139971
19520310831584
19414940094290
814506445571507
121927220876325
392897736084311
2904762864441015
3574298475719678
6162038608532846
91584863519569428
43597607030479379
58934253142003746
516793871416599649
121923360735525873
904913787839078556
6007680461488394989
4305518344194623037
9341758164990220177
73195094506791249196
79843843007636227871
83594612860536736238
887498585243781985709
376789577186644835729
243475236454618795748
8652612539013869005986
6202884136644535357839
9471225615762773100761
79441084072899344227366
33685592293156466274482
72652025128614942337409
789781067293863142435945
324692223819818094684205
447889033728553329475005
6782609198282583625998453
4688428403224263635172153
4872738692154997790284528
83849468108150961816678022
95453603300355123415062571
80060385499024885208250214
583430583746320481064215176
393539084197829004264666581
879310607456572190989486882
1701393971508782787738543656
3284412323935873759805296786
6167956118711081241739396323
53043185751520580259942731909
44192673532394755463999730803
97446851502001507159083058770
399476439067152725583671705481
433533344557140829677157820796
349264216237087294328054768196
7326354573326880917164132615412
6954128657081595585932827839353
1217759160517164470000820853725
36739813252197701071368045404597
51272562293807451754845967954658
14175987025062593716583761193280
399970503819700044086120392371087
290378626484840369875277158515837
748232993525939193573661251937199
5947360644083868393935181976046742
3625028951113033100235788343152458
8081870186665087875780924337862902
84893221751448026981412745138136848
30566616709825547527242736500522253
81214116227789931116247474232697777
140419184694511476403290068335965544
473445235974122927453266602529438227
196655440964873603833627923746637427
8371437414461356080686163167778963639
3801341947285038442757986241826723976
7426713252529907164501817408128102257
61575938325082646031931780290199173305
39930458572106591428232846080078897574
51430215420309181952651114549619735654
863901193546090979229969175649043434201
470269237197053133401790276044341448619
287780794884339061174893181134744699182
8306136157025126523711361161848473013015
3307976739887000854465049326500793878364
4426344970213661533430323252559431187591
26225846263549401334011765594419229669427
42894913638267437498133710911614311608767
12225049396918256169748020061820462099210
764744120324052323609250006105774781580691
895062502618781880073226891465065378028904
356501113495244628543578909577665599054486
1047553188879192398140503839546965119161293
2545873977458939315124696458598770805201022
2989900697079899451104081037298289318104379
45766370957668879296307832207760933297024034
95352225270690955931467927586077244150151645
10906780727534227304235407294716297022961363
356232908010431110106533320811281516161586658
878517761795537547760974958523554976762456362
150007620929354196842818066393905521671899253
8687950525419244526847812363961063725237092726
1598242523260928890190896409750248354642443465
7461510842048760609816077242333380486309088098
77843888289719769798152100669008210143281464882
52274716899306632795372717682428278328149892099
35623616957503611414584580660458772848479463219
228116360015589916291577083542766317748119807808
336891713023245959774805571385600282189630966514
554695702397281111262162091322475969939250591639
3085599429490101968620494145871280551430962827875
9627834188398682080580751817444599922015072029127
2805556365128433613629340531908392348444613565224
82360420367108009352557989488645166827242742548233
13255187361988159173180430410011848671937103487346
99835616809416917648592833812767900608546406153782
911000183453334257473571545172868475629705974720226
461732811645869848534555676874676410571762034160332
533838345796644623298716522860441916252285015812762
5924416047063715518118926432810355512704067476463601
5619632923896912106008886404515673134026719368948496
5089101066188245098948319271498635353771693236203120
55085937852270796199620555204318116418621007152733330
96085697641627668823762277568339529781414058042002100
79863813847771423960689565015230882703774298573557353
235699765885402257282948084921073184848828587917731195
387848564413097130539234218808400368647935815633926227
655786661564576923446018618416783566759285746086962432
5691793271553935839956111692476608044925410710694466337
4957903321898603759001381187028841794288103268212529116
3009320023389102706976814027362267225007232649876353637
34781011408559855937603024613260130635676945378302562031
58723616393200210177224360045769575975508446406349218883
10477696507075170444742673457458549652510642361613825122
509400744445536941496347671431928982385377723578344453945
920018828514926422589723607382518297262308671368066616385
874442057103456592480515551289749317734030333128519822955
9762295925157613871481453952234205997126666992320800590961
1947393892550069047126052992042422499427740123423688363315
3093949724638720130651208070990486015917282147271642941822
13322130151406735585402793302171362068329873312182479176774
88258349429749658873891509675613261510284967187960006318109
31323344420571002587001070565980201916134754400893164260585
148468664915841206335538424879611977710327350798468737194287
563494422805870955094896669875755187569657326491231355104646
178575876133127247959621301805629987207416612589649411159781
1571491121786169971930933104305223465105206949867526975319041
5571750273993676880241656189010067673478684363844572495735051
2113834985820914823451417971769224947553450198848503274577697
58467400251329274852300832462269926895011259535983555291729672
68423720560943435656654665485793311437569960761832709637292836
96074143894604709746132544715142717904281758100753614911877703
875167221221504301092522374746034824683868904462664536066508812
125123435452711411169754180190710943685807305477210718115450779
232886377776617680151777759491845419620711349214560811392852662
7915199332619726010261660826278690580836653703534328551080910847
5832399519303845682446304923451355765262549213138227603853269316
1807691074512264697545533377027557031048495978707827563009340329
54247327232606271560540021769208825468193359706608067941634792778
51321587977661415182669231545592755914547352057671197051434090498
93887684097154235924805640677467009915525676266339318226056123104
548322141850342452029537920554142557658171344549378604974520470466
348830437469895546835300998372498316870689200801818164486236941725
107438345055836560158904377857570542644070290255705056550424566554
5779600991328980792449134502641041742045158537926110056908489645215
2532959538536320206619670486750832187510085764612014135307885134489
5538826715729409800205171172665602193817155234726041988506907028182
38248342463930853466448866287648712528681203095110402006448375869828
62935777394928797480177640396865515239901661465852338254042676115513
36107544451740890731090007599494933184857550565970238115226356333379
809215238346189638786459230259610411984030859295038429760370819647028
927000786278913262285868541095059731804336228151633181974029002514644
932896939502852345238883203712743707145515173186899308810241723476728
3183989020134999926019587619984024128686769760716100678274479141971917
7545774753127030051223031839499680891863003162241543143315996013902735
3128207773035699336947731137922936551198639740692612159038370455076927
18360443332910242570689602606302205680508752066720433806367785382977742
77235828769953702899295749228943113378190785348537631676019096509994343
11054835888268473764398639654119380508947444469264116629999653202657495
645200799264162699615415756994817188027591344666496621432689167851151011
904015971421788968702124051913366948657173016735026201064359303805059110
726416546147165176876128410891148220375964894989621327143200791264408321
9749943337109968255566440834255864039489748195912701528897298157744913078
3033276317009434247690282742677692943496661625969211603686461405884310442
6105731486615227645531436896432056399568309095886721442315936687242110184
48331472179321595240308739089532392889390662937748289475897836759886734571
20743583102399780459037926354101222367208055400698716399000602859310196903
87850854583935592121259410987816918328469434133877753918504553187378547938
932436282751234772061611651934783572753521011384145855245180798181162254144
631232850792489471624491370459511443825107654344278294950744371393288879243
450209387443733021950314699876124693476839336078496759691460143705826828874
5025126432175927590429619562743389958871787258169993294290442165488521723669
9223027840820787163194314306172637732055868935139188575796174642631280460122
2384674108275677251978170244536672197317812072855069742658959623147712302470
76038037837416323412995038225774566046936496328947830116424869730007362630065
88618527435459331950789626368605409129873437475052668043749491964467325960299
58288758647845118178551502851654854950884096626153836043700009566835702712103
657388932580738655131859631893728570360719101026921402938483283448025740551351
264920477590993448269770880676027776588214694248470631450687405309711226512511
511161997917464956730402247079570657400621832641246539063287666855192603021046
9492506055725883936460665733422872015323117162339178165882756213746717295680862
2079678819602839958592811577283116274487199026145759144786194755145633859359354
1382092903967389417682603287130451709179415383518289028740173858102026932648118
90487235300111036350735431981479745738298119816509290995436989336751845849242127
73998826418554824937688244275215511152609620617662897515851714407594629557768219
24216378998231761151767274066587428274686823328800713994424633241181661052627377
155803195797414057963528951473751214155031866682132358253987511011305243485654955
315834264436902595567764491170541038436894726761896230407176536632270656199214096
877165033073498575693874730755361505515572614047198875077102313581738874694836509
5548988405810608140895143859813416566811391566317404042564225623712846418350870545
6985850586441675041793023305062671821433053124085145709518815327091000003264335459
4829124517952875594977046466634313013365389602687983477617344149581459276912145954
99871140468930568018581936359996412298567232673029489666357720977800841215787638931
72796365672006370245655300686572876319846832687670088953697111567829633894768760883
14327456902528317179614073924899214455354244415624490868616776054469976775621884986
351881543858652166624656370969388849463201607206336242225945823730438421520077117130
824866748221845151790634324873652046438374097475606473133270452843538304703354550349
606399839009554708079726497170222701938467441423644892506953026010688770596939799446
9038962271812162600432697624507751502295717065351089368531827702438567317299062224422
8422975905066623122537946389116208881418254435830225424199854166483421767900213708765
9016096956155250654870670744231982088722532909660993683177000196689410457348622505144
61107275176321700100288180408110187903830517335427101030957049568409553934613499783576
90181687727835335887701423882605707199702290459460081894910041924395154184191745079456
89541090786889921701794448448068871187638194072866221761438209946397875663243450202633
780333550505722664622176356983048496481500749398458736418822843131531490198328772083213
989634357085185640518169616294436461957207436072287725328445977869728847328258881192780
386300436330390512277550609178405823172102063613316612921741745817449994900246385259821
3820458462718085038176438697495599182178635920614995272451085913156902071405041907869460
1045819850838828161140138467926062107051605702505078239084925353162138532148870785494099
3327940795186124475816071509846903426982435856215203230010994533247266116549318459180206
39528038230817834679350881625389652813003835953182577667161866931898565047560130585351966
41380950808931269780582717497609263169826318053944417713696849334070658888758904278126958
98277025783195972323596403086527904099216226124877848501929725952433286452870593929502428
953723957389734185309207531002815272785663419081407644084170144889757542102051718882649430
725492058938950440236359252098555526454401938493155576179933625712299844413883105899028333
561139920409025304554267560218404488871230229547826365053229757186798982114359062206012731
9560479056303847608413893757382435477376161027087911212063931676507080555112706304651691515
9887735978756822592232735147182878689497898768513189753537082416422250820050516304767799319
9534687783494418108610118077862529037573996796451338542225588640345823607050421183888113054
69210896265686542665451791597841396251183812648070146030094986600877135305319065399629717794
79745063539405998930332732951788764832831003191990236700518625354367627986370392156184940080
46493074631442933480057199459141124945032301830097157942778859765860537710451633734820951877
176617310467791232432516296849506520293770558173973123668848119335425578195586504337082718986
886077151267853724945091747330649543641053190500396069180529898157532154723705141982619539036
568028389005784739824637395113321739913829867255821898883136898678415848622604070064783270733
1069619197112900883628216767952381009170309270906444151703125760920281475328897963434473328605
5911105386812767690162752867899320346115745886750927241638286485221204410787030442035847352933
3280208855338770785121873246393117952516197424682059959838462339650719347785024176498385606354
55172389436534773471948727800182010241485950807227443785819483050577623631498672410042549859420
90821741273486631134260719777492856461648038578310442820868319148707984950839363655558040948972
73417618212418104118393504127124465339794966124472416422837237405884744284235798145834910252381
750480051306863674662174853345345606823380187771984092407446849173079132725848296763280399254759
517890111296579764836926566441239354333644096301818934246874971686171689298431830197273885481427
956992326485353646271878381595113443922341665366500766164386178553287242057430609526697228637996
3675482085531863588887186857025708401151231411768698970072565988404791296130075300072228034138249
9659410232143533612320163303079793593954457844711261803208806943898038511595035326619036687781340
6749912471264185915412939834232913265095256241631013422917854060105016830284165666711760216712503
32379082376201956159839844461028756284128439875591784366521750123103931796458343278224688589453214
97802507049188561789612921711496418690354825194442409349542381071381953945644165917019569327522578
58983026171362463181393169026576217071774942407770801402835653798590816461033640831553788451156599
517562192501601423568355770786223735744829731482225153425085949476933499771552093313659291917989397
515457872859312493350384304752767152033982260395082667933992663510896282701797464960804943252623505
389510279076486676645695014035941660157839610245641382321123419849513138889706757890899677539596409
8084985692129124590642506076341769006760408226748020115158613251278299333460377958968568070696091285
1720930297105270942517600876738630915531436100041489588727174257507594868471967305090858852537593992
7834555794081023844296476594727902272346264400775157488805674755776439995535047251855045359320296054
97945378106275177252584429206929013087653145989023299925859446367600717598545149629113816392478423667
78309044689187645335182167900687201737354000523988112826763786226067385004413886947216117011140337976
61845527280011420392998691135230766957981020369246970289056566466293663368164353061255709770732976316
249121121407280208671943237029897673222666879780416984323170260833760533418087068455943828881595772086
926011879781778162617022412477133711542167331628130187313296666718783600033865157485643491234134657738
893711381873651869575540969947761083303702063066453629257190949223054272963412614948943911326884967174
3382702405544062037160365249406393938990847429154799017346968580157947964663008231297537088177618972470
4097515176363716889034858608349044804855326720907523472291767729182713325716274900605657638367123495763
4123284580364199752005477300288009076873936087044661091927607588087211835712585146217790299442158026146
77427783523361207211213710191164105792678171442467157780629107394299455188248200754674306732900389198918
22274993329451369408025899526197724554682123251485598045193529909054516304374462755394071383033932004803
31084007316641048742152019722126338951772115638750417889451138427699594959155374624901984963732807212818
444870932278929110415204355726126656880915365554285700588083378973636566579662308956828874997387780476160
825132048579684376425277484742182668246225049194748541259182038803922182918218440974487668309007836760950
151194996449370109952519207962930600910139139832578931189403839452751544120686128991172100567132330426222
5399298796913391967852215387187600800788307208217564913152933662043309642676524810750631240799474559047054
3484900563862751232662228682440408761234335569449652483305082967509705451234093407081409226258986295880366
4444505136039084047956412988106465314361799129852638220938092472374533870039337588969194141575421710288196
27744780457727608709381500940014342933785825346961148615494141387571895820499445573688092926259244349674396
97895165322009400220291445125606117876257721898861170222106461551131585494292722823809830169272420711626615
55186067361176683874300708096321690332465094178252447998513289324041301240703925342507523752147855920684415
579472932832717410755465554375575632611129881697675125547083017717551263119996542760732269563639164830760719
297610000327558730267669750761935529269065428772814119529712812885715637573346233519462652964398577726237859
472194511302038711961481843211846297963661365061594300281423239362780604966607585042023313387447199037886107
6169971625360775938025579269383697098274211627147194629924201371021818876417257295424075659210826614928671560
3018054634516555745682398345108985556760421071197769601083611509585467689975523742777044117241095707083713603
5445937802338680594316494334052682200561543058996139746998609196991935091981806019988859019680737056392663120
77845085154993083332154941280776162304186820391208631946097881379887094542522921240810696146394940634094715323
52622316139320015583499621894544746952833502672448632865766858433258342737706016742885461444338881320932790707
51951649818773322302546135059369255608443714305201795262881564235513130226562791939642569534995378705706460230
358282036244513765692141711377247740391062555063781040888216011093419447950790087029751413116100489299592788106
415867934855024467345309506298212240284454653779173517489528296742498775247471722726412510825782089123889250249
557703579153725699760863529179637865207240662290954618967555737190751800903942668893862581176874501988362915206
2385244235161967238954283387290668716438634674268831653183327802587864703632728616195377254816643788679228372798
6410276899370856229023096827449351817418172721191698998908195549040039495057403843446313023713192479680960374192
2256011404374722934996840313992066864264795343885030377064489094059301590364268622602919963454411602919768109289
25600474081387836689912833978765192281972217733399657128611471237021108997574363566049382772922878983210272185726
74883091673811077108586973991264786196071505481650036749677588725628564164599150298114602117925630280107740081213
48894786832731699681772076839801357984240922042845155741285913573010891580360453703343595686146368172118076663513
277028013136474216789139914942119401141383464787666535253553294104296492185944095730132132918307958391831076936225
352037314080383979134611948082191283758377014236739300857480187622048738354981390881982234097085783557616092419214
579568969946828353466331152447866989999822751337855175717803110080150114535867520883080072853264372026926525673194
5462162738650498706901763409411859729816150530096164335992611733271202740577408729589042730119467790010090724484109
1827023937253784594849679901797782158569918819020231692101775625205839526332655240384131885885901658428551239041326
3548174069033840707678873337091763138680781244065795033580845396504818857854091668292263709501645412723115814322494
25699395331120124557137370276275347974842498911649761821372958114611150170481616618929983833566178784692662588660062
15914710526200187985182052242749116406739328587341189079834357894927316775092260522887825097184551875138292903072635
88827875404914698267799972410094215652378557225133778153094442965220606183341155124035535125477240365355403924107611
735722913149705858037260886018272346582900391674957081842322664751702943291979092634637252520471818053126981390784824
125259877643629524321509668332406996081322050653888525989965929424012917831976138712720349040967192463385341137627475
925157503576799281143739790045252564653726534232183687845562543560239549805108471249887366435769311071113143438147457
8895388962639306166009361296337726970953899294282656694997526783194481930449480318586250283425701322076514239819711759
4385638962253356515386655104093299822058606473178898456442894234004661533529837010857477898661049840894787969536971152
4740398598553131287548515542858643382953415575550465308067201103419020584358060273299210559593981463039960343905892753
86230394311075076106919197154042847175189548346634008911216022857126792771399241172880080830453540642097742180162653893
21009262535189317360947900402857329012913868074007242087454430443532817369823572996361895942886384291744088849199462920
60813549778471765284430120926668026789444198241993691761923201560308202155566044256221773426795945313327481368368737841
144995711489422587594904785340237601322280859466537203419002152330650713863285356993135401434895212191631661501286789193
817895361815991210778764714989672363711842768209919732203946801030859709181152159198717897531802127672410637949486742520
602767879325111818158424467415805278455809261302082805055465392285558765676201514332174357498337207017350531547343499193
5112452559183518488142007840867930173228936398630051938489282886767716746816805547786108348000033138326255960424513187608
4522380886788664146846067782439074326722987604599919182153049027165426855301366712005987323705831700495582022481506476485
8638207499437170697870918943192860788969019167797267261607857269704666367965922809466719914586479094418458006136937711827
64610952276217702119197337688204266457127367751508578399945981366948011896015539811877172958632854904323497301922193055272
32849195552917206094619637072086125844251956932874729073748381641357416035651622459693080432002761787518488210017652877376
58174864052595814832499014014590300406003753881431815989168489625733125120722072967203744655766478889708534087564053621007
337162806795740936858304835943715005895483658975753562756393090761218052085589780610801433083313084547108859207040164685995
942207226067959319354173836358890974882384957523111625036896672042716621745319903606646653224908881963594445680509781174287
136565297893661716087313232051212456048458791730561576309946089116167284853101771069132763151519567327266904347839244316508
9666930710008962378125220346021056299655445900243083391213613507171566060133562172064940104279476277823490943741722435632468
7080783753174527368922600810682518896027560135028729491296871513848381123712800858912240606796757683922322577899317912421910
1107509939296321635331207545242469639363688572094588399831334597801823311557154150261155781678350837343535120350149994899242
88846052782862394892883930768335274829130432224943171335844073197554651682096292835483539931104882588252825198565573924881220
44904169507693454826609695132909399643111364255365308536824441802429082094398024302191115087858842243479826807401266115246006
44303914529668891242918141464933045061379548267631876853037229869185020963106426573677353164581469275329715235856778467042416
387732745858932506226783871651050223684587405498155734970160677488991666567117200294822908163517118610653273939778774167115489
857830874307693153720928749324642819624679859508556008989668931011105066864263697512692368052533492445159126567762921530974569
801558124190750313467607332136256187088864185855291729521171658147492164164996393751916677574496460370787219418652052095350048
1383096186292991066511084043811636918615934579823781331171040787647972244483434464296179055020159208696902632227796436435206909
8689736623664972329872580979987637796508384976193649732141784612121195683583220276469551197836082084206559803489659458153338774
6520143154877412686602691235417356169616174674006763312655019139892880851393119609773417149452562446022293684956425226500680584
68036607367180281006217309814063405306863576638294475745478771462081070704699880323715101905985944101435447267587080673024524528
33523066035276595102687782179095898450649314410289374652775601694683818505180649020306978049428445102310380478687443093505489583
47976935731041034579400109169022322016234838180403988387539320751159894987483874814837842615824152487984290193777402758341826672
764053085447670219590755076281778391631639434216119054654649853363076619228511262318048578951763225148280869821969209139391701680
573432105006857260165663551477852652087850130960945228575294555598147274387867118802986443135896763510041641664910265223290787614
342721789000316052175469913081010967497107540836653219310212812838470011204038274271031908812631461257193591444029282769594130141
5447193392565868299866694320317859545334872388662175158176146993364776284920586713232938896038821880027539253918674472403415166553
3920583175625853836843559593983711451839018115968985751685493086559314373682334108139129664679243879938582879841438178096323633873
2792379631599176643379497492834353028537288722896805594088152138934851495168589657812017756596877206091427855473622862189618743270
23602150981164684935715181433710350074995499253714457432371866593320826926039477873542296056312773215598554172378034840337180644370
74753820966657434241575222139472172706678118445655752470323768072664474428910975422038821521939835843586127832331433112640869927236
24131868088529417653404687688559001979630134015572297917890121721043585194926736870385414748815134058447318460412362370250615376349
648180080596739321014117881308876789422634308273083573482734020161068475183612529412700021679185066777668498817501987607740057788879
565277731249227072897118167447921023451208136800786962640560901716628959630325737000672517019149002529851491359484909099077589730787
620845766675431002923007867964186941355216422423953607495796104112988982867244927904345535904622286581520577225034652555312862158543
1387208595352671084188542115445184713375985754501644143061126163374649795711794972703307464200334986137869990908818190122566668604987
7963661325889150167428381548132763613588070975247974403446155509529581311193538615414743557345559156293012511095927819589158517051750
4197687998614332027777255011901157950436922026619213842735256335155715480285027961230429669304112043899609869366230639929269398566384
11756847062119762696513205400894734776434940330183498637782983394689159707566319945975332034066132597244847071535166307220896324738361
85043189812913605548745138129727044456680722976951121228136853002182283321394578759468535648134371068413918043102284711324950490673970
51386106981556882490431031126636698696922888174257922657393951356461277484153404074756395662013902955945709378368152111319403330747417
954177795386151614404630331168494780408346781582432395989478433294744550837878897104489313587749484881042344387931456219090289273867317
313238037657625285507014877276372523600449156387855101529762978763232629341127362542094667307131109709303035551356227450775280812373762
959099534587255309030100266022408335233145359535288148069511432264581951956422396965161541698262907035083512844433642939638369938072954
6336668515137290856488380031930948228028946104261601132922712559301387891329282324216375624336974794661383262552043047446915161690203852
9388236564318836383884636174474064898259015379394870814467536491433452248360536898221831402264832710664990114333067636836045807537214854
5172234460464106556283446503923369803676038473432709851844823006043253354880853081343081209031162605608855604710421896487188895005880362
95870146306145112152053954235783636135765050623440100046403947805331144261196780118174434119571805405651567245612707470560221749241535041
94893428982860624852091690284971525049376457281056759807929124984151040475315813882911781807675545817270438549085540191528597010762514246
16884251556662041233923029320122986618421979105420651864074600174766218756486255596077159452879405422885145831981538954821472158354967930
897995631931434108203605416722799615098932510608605006844068493329782660603599589261359195102298033722526642753374716086847708922940436736
935147788364251732193383449491968294576736924184661803099869640899432306344767960274691750998827095522546881730631408155116143448920955148
741764884860637372190444909345233684099106981978663681190511665507822175088188610744535042597768084276314819692336892760131343957831777627
7660186480574346292563960202242100783074293249648566619655645593874038368443525930843212480823522351516020910653502798255323530329567127838
6330504496276629202312080659519328388270976335904622336748755994707254938725556240947630903927737955381355348996051636668346473741681517888
3329120149155548645468498012206621723981161708228655987655350104868174485226958504509087499001107244556154113787460489606477890794414950616
38887207964875997435560495444324614419657606153155659474499832186610154833089023279661852703620794835090244333542322591918374469855556004463
41087768944554967588886520761431695638586996673010952319177283438816481646358137825327034944837053590991014774900571101670461515339755991878
56967256707234495682159950306143176975235595327880382011470740294953445635351538585772379376180873854870802181547281043350668842019774226307
432396618607177884008545908247700334986232962017143747641314385368944085484990824391281899788073773509867355990231180889774405850680130522903
801457927238607673532763365456053104576875302978932843976217648459516702341817527550422689228896194130912181315796753171805356247099963705142
366475926225686063503076649833668803153137651835465800486551289457668195485491570542097952780842627882166167869766699146966840776915133422660
7780017445239804176074909479708542764912321311798470860211810684767200180675448337713407142381365810618347031304693793946189060589055032992723
6750526159477522241077232011244135802282141710699626666810894559938122367326100977775729895339859066763524887203791514286787479089040394427271
7802028674090712906223932621648016993352506742343760231089951435386925785878948781960189544391768485631135911821215453362182264843601501589511
90284162016004375368435431824845479435587708241742540230892274947791019386151650613398240497121523134530768680756347340055938166222814852503038
44812421872006234753702187814123985428037752978056538767785397894794801035157561392808084562616702889645471075571550793518686964398119613406099
51112434900877211693012835014558223312581839131392516862938043937404875527784016278585536360487627754601793393377837177336263695438715580041443
119526614880452230195078750241848692215245809626398608701983936280325475432816640733710329438581584777738313014749927455532018081939761726838826
435032044664103406969110538101877869242843141805392560275040779470652036373138437990533090827658085918937109754075258074498364069494069365547197
448510453082211827324567015396359442993281253436190964596117410537048600320320017627590387082992702747455010719980907330715577433525210769287729
8892348688843527538210292499302462726753034797921412811173166292391027613015381691514745351158557770589987702556023648285577311206938382042447619
4039269616173969140399774361993052163152854880197964963581998557985114885556985719536064382534962512544706854608388545350258314857190828206388471
1608341283907552028357704583310767650788856410691202555520602718449098316061330111541319152385334892153383237684664052317795579217912590172079198
86210627617856540996827839230446800578905338563637309349282869366725218128617031075850518961194169209167666089506442417309251548887436942664039243
39767918228834976840982409374102830319983781903059979407349583497182326563155382284277180217615144499172367044107869283003110841946878013768521343
31312520588948673007309074274431521261288233729508744348315067610138246560678299867141011104417097183640446180265939986719628949952112705397593514
785430166243056039483515975505557336482340248898044164011521751425602645722697816567888387602199189354656711247551078630695470555561613166769746825
279007280297961965341303835304342006845284532619669183361186012609945127881680540221887592915638958032366762787931938566371788931145639013136895393
816446256457277147446525555426153367637811414757299497941474031107736815254973050296341666015656595727965413123932442325724498714294397017350630886
4031532667666560383539614298668040877032438536679415600827261674450795892119346441958536033924962402449308764444505593756315805411156717088369951191
6209572022318093681707814443243758011875725255003356927296738118360185703342122754647519230735032758597870175712621683206827576552756679008869838310
6092036453442165511144385259941852158977694805096295675654942670704908239884371289902901399472623746090727697739210467278897361719631573784061990941
21085052181561936217206462571832444116235783883240635754990581333734428384479440570663995292002102964202146992350026859782835281447918134200355538862
12822894066724053195693778700374943208911818592679272181637592913426135222380175563344663009709898067742082261894234279435613385309661605390020559189
98910675389100878191732017182051176279653824054262247599606106591160121558573658746443733997477487508884449623217475088295361309078830565570374575942
515025719636519860131139814686652872283374051406081483870481576800840256599514952476553224399434227901036915659872061223205804160514615172464490933444
713991495423042966753465630620513354694472491203040646296024366932766412321407126314390398606546171598255132677345497424932082959245802135095046778472
498691878067363390416745762024210965878598110591814210395971885712800462823409751053352771716630482499841445846431056219742178218878823429320505971755
2176779200837036000659706921009711353561407097301634637025956254952833374258147851393989661098097023897060393429784941586054743046826692534447832932157
9976826424823585192943466981969936478713161931682123914184281466306586132838512975087162007917832324770330257229724136660055037163141519799696890220362
9340159680532105845007449517999001938290981938579727729837437775017984738369939644493985895334155295029948045104735927781155537549708871946643862083218
46530432782587981154235588354841483557948175984588696942049745652366395148658962194629078114021982968327600506174336818849054295503541330781498339376222
24358523851373327366957356805305625370921378034875677031158937773121901377514535045174377862742088247072159537370071542508074167730632608024786064204967
16110889984462013949754496705136536142138926507847601170205248938664855444031389296583212874531696378930884175429078403411596200966449962986597051143957
395355311003032333714627636216514384346539159099511325772681728983116134160868074070072171454507918440423333589174107426939121153239093141921296061914568
820379385680868725342912182081486501539428230818864929886017456192820705194631014893456703738415881135549254405881089450369449926086702995227881438029481
298450434276568975939142359997725657591090556906517944345297223402129879408270223489630110215032829959862543464871939470209046172472952855999997388209857
4666654648260339983723333328891003338948729765903844961919641102477624796320176975612604233352465378563124608326712093611140913476905239998201740554991395
5121140654773525908381998090898966964269830338737807415206396656894979711563712031629611239477447378338931396043083849684481118510760219367044815727813089
2575091657851141681013606298204681175387231423526395682103055711569130434659193502132693737595097341075718720474096326792098908464959721358095653238265562
77869955473995920852969789414278292086083772289818535410145813430399939089109020039852476124936774717525165424530120694417647368259631690571821831999951995
39293630392510654725474110415560289503752214219091659690734147078251117146735267514551044784488392626801525851283676077239116158667605554951944554977476247
92935214152541507350156882309529917796033813378264024407189284556546007984168742418659437360035356036483350736547430341474714537315602041111514375102985750
468077502140691077563090500487663968494926615777623717145566241083745326788702926873049751416401801334533917899256182611513917372124349968167562909987867340
820589370325223071480883415714171536483759006973595622965743830668356752491214622719052296391005486140742915918472600040111126705068612749173580564605968446
131489365530724775436641463407082320810194857100015663688413632287840396619684021676560340582465572601823368068822755574236353168821689360242170557677692954
3188617519402676584076438769435984454441834665551645363543917287825150747713787356470608894372227170265907685330276894906895571672825225286761180244428998494
3767423467942211752158186808639096090311469423415641066426474574166475714329498965476044439980627022233343657601072294281306216399537237632658328073176551653
4272011160552961021187411221973836796467112349687076721381814576735197370807618338705071810788840299327820424747595614107421713703946054743292311903738659566
15913973662860003385312453059114823224067151024932966229857765752141760597581938046963564203479188154337177534178506579505404765587933002820826137179097754680
62114607834273891988924452529342486231596970062637500221391086144467775421722930085217840507272545395587362978022422051886956196777717354607385965507536936499
95184010275657089564703732490233833310515722271573766763183219023166620364782947669661863293274167001156346112573224738703867639161196804962435762620970751096
641464134684163713065288452218154398479423137346650301518027032653061486215912364957476339372084395469225629932467562628589301381129520340422927514300602527715
370038638480152183910832360792035043707507446319788601955539393166865775071279304629953550532053527838007199034497332233633635230110482164747885197602369663178
840791782139875731201897231983016850189914784680465291249945364084136493473697988700403709707977287532533807704882404278113338150896004068100636019264291180963
4042612509246662686225918371293736549107509819658844614461308731353158051116250838632121646464122651087381443256302869373020847716617214374163454694027474427705
7720448520432569598531014936608912588488563406162716812889941051139871274763774714768713907159367250384437074498934658378964945682165179091591147195512113244589
6993660563773292895627116143341229916327312277545224899634958884965884207897335542532664430218770458848952522651257278870316319936418730667661001630225142135082
24185103485870548007812958079413931405572212461587360757568677705442985606847874847172746465264756850865451937255297188285766995652170359459856734981371487395455
33144423481911992918217908391263560077366710607388518839238703494720628281305887721085177635964687165182783801929957388945688922535974241459752808935879470673488
40278789027428315511691940278468749589352857107041794091903699841426611126081100941159087921640679605616695588327620684348071487597771880053277775074506962283124
362676408235485537004218756623215498737261765016141519156490373015020580997671107183938015559678128809539256022783988913270064174214620599968369418744702440414569
806507819585193918950661253991401885061961566881707623432651157161341042453479517189230844032764626622578410241176298811701413731846743366540258020106390723077255
603110750293754118104019688858861471823865136913860648617196915440908108537274838202636905403766967712762533745750060534511111795987923693695095305571227706176371
6948835049975554733671116720333171100308834673922423108715448750872101379426767531011295672780860202121562956955224194061333974932296419922553955590069633486261100
6808268855533000871203048564142323147204528114824389087345044635026650270585224151059138226617070116342307982639319900979434041319069913154457727367903580194037294
6761176559079707185156377011957149496677591607147189457173552377395121447246411553931513364191510435114165580048072852554288745337712631152013857483428252769104090
84293020791942443021289655606194170652692617267201519560881802265055280419879306704448808274038910465095897915728243975848892629240273570951153995654314443325792957
38563220870078659064316449013944605469124683769731655135002745114043023279880583067494804802768735425354568062219393633743278635082851388541012553504625872814137988
70175938819554701352452724504335526866543768041708061064142736848816743714055961357720959035256397750330678684473281797726729602588135806920706402231284163125294972
290637127096103268836687222648574923328865027128856061002634358886640481287953390093589821684077158349284879045986115249657506701599985006265336150493679986715395201
321094001548790251747271413925655588094293095227001786949147106689734747904739848645563417319359419419901177391335842886670633890580165714489804294898383250670058372
879664619498325835911162817398888798196249933848861355406453697098578080371686735464503741224508046252015877139489754118167141048957998179433516136335218192768572319
4940424596534942670840954051907492218685800166112479527455184709130421232863920624966266442216760642603151792298889229895567072893861599382045411978917187665801495804
2788095809787639394613691315187044658498889326391999986749631558867360611277586264119854602521693241651833167042766544066649492519864520299885541417009692284884894811
9779785051179980662030266141716161290152370854941724472535342278836187683957625844050305626898706432336695190281053752719815465377244914258594504872887424383638151665
83596545774500849958997560343183173327196033860374596072633623342515127870841754550793503204361808213657121422106616388495146907251276023956588523501184994054952609690
56560632456751683199461415288764913123784769963587634123952018898320801171393529666988357032345499227573009821837297266895089257188313004221630482469710369785454683321
58688380231539115154770832897503391463679245166444310132346327441692071447643795816313260204937634704857746975452478326635941883627291365080653518754286555666728468429
509320071917689579782591811304392152380089606790628256722336714111006711330882820530134542678579789751685075134122178855292523375451906856430212408314146180064184661587
542443422191139846620893650692811090961838930753002342321626235463121611687814498649152487029482383023327185863073096376433482274845635593143264336762196549638096483468
835037366837327023274819015820530013339814698481295468244683587560899040443561206012476968469581082922207474461191145656686963057779910526945611184103981643759305830385
6336171133128170350003958525306540463173054913722527136217835019866612843009220047793835476673653887617757555399317177910744604371211558175752366271940687331657399304071
4709390432536744478381903184454115618063661362123260530114942121434560115730973794928316504702725044204392567065661101240397470376238139694903434836170984171810675942880
9522983586918543574958643693223654929909674339397117095656242188796615455331763350741326115188445738645689390282667581615650811379997977261090845520548545866554826850900
81104918103453807076528433806844839826272317643723629842023386140956201025828721653682272022055896586837880721465748443795189146210584420893234343755678622693650413985652
96823660690951995847992885634177676919872106688337799070921309678299513229151717366935554722337886078130315536806646498759207967742352219420980342602673213143241329420526
68091006138744437454499076857647143022950700058190751159975333555820864375695295752304768898773951143610550121168112561922328002554559113231465431459613009738875072225200
147042809832688913306603894349918824078426515964843194694680005920484484991496039806750411628192981446648424417567427102723474403690585368799326425946037189348824577538394
797352846156847086932123758858733941311130616572937779331945247193792596557032310015378113025519749848196112137195243221218093121846290918855730113781318538626472626149624
829338104935811969734253790351315827068898289823386288333858115839745729359029563500553632867534695768402910246689305318880330715655033508337016529441024433312955871115988
8176478834929060571082890528871570225575754494354041025375335532662820767735584909869577377704544107762092470146404013384165302687139761111104904624269028552172011242551161
3753900069546996089424165531777737626376326646568972119800662479125298785058977345083445813382627417413984462742820541258485589655273208790267680461062135092326714561092901
2324429411154036033358794050383899957104045983728509687040017485820149686276420912537167801888457554793352907666547202590658975893019408673048021649563204511648119811930554
31024606712791683118994827233396087511811988818926636818894975043302177918085592313891978890648096759155605278981496793718482703861297206025439928032170677813365354157489995
92374846274973441990301159326341021928579542895431543720202685349294728880961403642310775907958643472803369965015580949256545335876789779042525535605732756268269941382230539
75529758749119385575838154195072979865905292919229336212873420202301784033265328448877499858502339657319669833343162974170521464866269476350995302768689384638804744571615760
881111939453056458581754383931356491386186136809724645903531241850313940685526305774429151858972028978940175769107275327379526584858745711774871980720227611447680366008728241
612983283681211635776895421616323899972090307361965574845233414835662389345502464239008009097274593850024161604791013285978217138306520519876934255744859856262890059283671436
562258085821619266846882027417374503426444950669607689435936150033017152925257812245570561447923179466683937060821365913345594782199732091696575022796293452569068519886422648
4813900417797470655005571207602993395568213393085938577460058779563147018901138024773621477425473724032982804473642292734376150125299917519939166684399550959732447211266802135
2959502541317468142751489276104101240093800209981558659622302611478854799209549212238772505758856291104608507430737560104753812505165340907021964902171898725580665337308698150
6209262265090104605237805043176358529705745078207499148003746319897030860573408281403029118751449982588588005309296608069476827690684693913059054304437123173906545730456463528
73520294959786679163091978657726120307538932226403740167972435923492992133067358992390444031305083468796121544590468067960885701698511462738075474190414461206105917972645901426
56535227388629034069201437389968016580178395456217885671530396398334581462742115057294334163578374217581574640340377430766897252896527565947976539771913731767054368393388209690
81542012446125103472949393411596206614581436668099342691416410672742317675030218349155311387065909278003865055984988163688178516545777449508565276114180056926580627796947693512
973906236834582488866576162854230308132578951224376357448055751473655123734664707715580685796085533535954770881496176736334626858795045671060995971667797096742877022315480965952
779010321205700661642695021980585763935548995617810314990178235699683335542962923278169493650398717384829600688941166147422338336240124376940512108887568695111170182122304528425
780122540392860316504351457718427703437940145916511971400300163933984154523295590889173298950051884477921283533891269716741422031398011331252563447500498997738928111248041861921
2845679146333167732711020977354641460069430577116651883659038525192452233593671272996738043403019253190069338528725863531165099710109469934676728107942141596208189456975834439907
8089619827696781650756891622250617089322457472978696444456515475911946007321930785348336607217735788393855254491940428093556571413691296063077115610463041016608272239932047091751
8908296124013368691564188911392212035803235849796464977330753064285845174014100405106825412638695531507361561929305894234925137237234381977198748258081048200497859472773690860950
24652596494518695745533494441208492793319305710843159115494577575442367246987741756763354562115359582402135583319909219882215377178193323332407976825165025570857044495868900874451
89487705838168079842369527935951507997633652917837736470882524228728750451773138445059643038838045304971224015978813152861271714660491817462226412682170346345418981767417373905255
99026770323236456646875408373235135848190617191912461979820902622744764454327476084467506007706450094258607014729042583677426925681927522099734573824196188271533852358253827768905
364692344985679619041479082460331970078852393094249940113178241312161391164414894455447077865672846658400573614797469334916937239090129228450024502948220674742452455397116404411762
134801520162166877582014542120086322214892971533891038714204787885543449088995700992214430086648469491503208278890503414036450521792085341940665271518799529428318048175202029685277
184761267239865737008116317060739490431476180588662258737008451050773525568219279081272920547213002913303982601543645561934368708297224864561336264694025313957649899503788303067809
6886755849107287024493714974960745047151421398198303665041456799532120218742078072191204143495721084506057421304690247566724672512466181276113356642040624897236166960758828803345373
4647477303758509209377363403027919493443533842919578293099378661663194068563022305438446015528899042144910767697787415875128958006497518395168331571936096929806927831989561482401729
7680933097825691000224204249465156651884245121288616910614692280749520914607717512940080593301199644517532132300683564030393377326705659366935916875777345477582194481525282948130338
39917534799940876304824621647362528496988578906555171988737884381635330872359624207255031783677829650120551137093245269141949980260918755291050187143724509460838019345404589447129665
33498871268039191517413859836504613908676854483191748581902934691825056388718432330294063515728316301981828880349236591857661337768310522137363467767221415011782628071845164558791789
62080161857133096159912931788982210063144502926134687084539458997379254918880051516957748609424267465035867832628574877750362252781639527528663966269749297926395721891523233695326930
452696734754489904125562154126244821273791357706826843532626780758591106418361156337892097859524987011310692323120145205738070218968646461166514981776573502613585565937853031560804364
973336880518411548374855658931342931063331436512890974391664241457403643614710996875593288735951738118356609728833032715392330220256591884189740356730422075586576088987718242964726804
959214672638641937626721336700374845611612656798435125401657638868236689725726413828039865050613943905478532959892704446444325887583592165689022869350011317159307821635883185079514899
3234805996664015646548242878599684614765976819986268608184356789692299290525034530031963717644317987065390943676027975386552251409619749358490240055319522860981745938586436291807768993
9185079725333340916486034617613962367711674695528618416082893754594738155240554041483076946395839846686155155279804506655903089468692497538119735736898003880594348780528332207309412435
5713211519043559664299163324891921001637121423860232460325170600421414763500661639765104803279146027788584877912669227993377137431633491638780895657858383719671736555150324980666416918
71054429389904457377165844850127767978713076330058711507544020345188886005713726025791197371965372948162433985891108296351056941016270274167652119499090524174700527337710794850194162153
91987117028080456524659517418352492295280174263268457409088229893463037310582486088402204389354278323487702542210490188016676415927933885884299220953262784709148757150491429339634166809
98828687222498290599117957741528691797133533738987953621703906508391352853496370197952845097073529007987116464978337981933009596428353277778617548072920650027193628032325184003235115986
834363070474870557825473258156205863412975523994774832345433994162213849082595566711414667817967152021173670639378275053717691187270368668402016257892044338484619137627044543736168176615
760913764523976097376963562821680697815008886288388920300509964860495056434763253416186351672164106370395586460844608497595450691019835881183410042545727988284528491189432188577783372142
704764024407314746105760138092866850428167917547083087207321641732910046528393345427065732026241585443640261660332740339576692533033632265719003312423368893514454166431215095489020020027
3786036593447916193958229186980986182658488161194317618579620142643752598777090962118251217883873392542282047163189788042028868358243151345613166175357200883293740420362315773330962118412
6287619769435448679935451634463372704146084548357193919812971870634690132289088361730743940342766152678461982288997455780986260557005942450215871586752045364146154075714514087287367525242
8823741009652210931460774270486049286340047176140716721479146852578601391370715285568698750486874714900481362645634515635516742227566877682306065388819876979852826129392331084698228743099
80869909681023533848046407577340375508537965193390154594585738981186187472843640199803918157416868059134228090622765686338751968285589828368347386766523292010496225618151845702287740525927
28488118244698200018082817262819859499092473051644278473043933483684651956651532289041325145492705869028644899998262614338271065967878270469828662160671384897822716925800703331459981288858
33341842000084793473981964078307303937089082416265164187916812174252367147210088101654454208960774276864327619625048121592059050272314228121188666021419076561707498801688768645589671109698
235157459263746061444415731847182921526516607177914929321931957525077341324298055307429092396578393235670877097325582791056990291466289287400509223113273999815078305076849181009064188325584
120409845090458471033365788344684481770801032923169204657803101847668593843656195459658119908260790343482720161981240222478827692791219779349148801098309854536718453507641481211659977693282
958865610108684396467220355353264228705794546374272966383026768704018861346783000573114277128227134909135953962903055515875564876607260061060632853591524803666936088595768031954542948189041
3808202689374300148287705633765570493374421255107357196071323603610490288343488402146480892691917732488471572496871822118796438833269921481258651393575657902014175064782675210035059038072091
3844656674785089406828552482905698467062523161681680986341746744085380006814317976078011840640244968681624848620181448031074232131108125315743665760889633021947906952823256917483082508817432
2717724363010266286263615894000650400156438615681681940303834328806221414344092260739730785204642993918270534145472075180809800743028542381651764048473515571380572966581667337440141276711033
15830516567740345022900343349546743528440102764997033310957294487004221142770629445861675324874087439234067980473269509193098279427826565378602605118060657064578757572245772851983033682131315
57752816563997632257597161948415635956664587742086099662531197973971671527194038826828139108786423250011321702456557492070122891769836601498638255985692067840714926682052217829752093894514239
14664241871682852916703904982993896022620303769145609107026139020409590243014809466858710557877739566727884825905210667274286318622693828256215484773898108306550680031061316141148866891647271
254046324473955530895822288895289983043026088763046430987674660130390670920625694142318089055776908688413104053845156159436760711950429919345467369234886680769619807276051769437185429579408130
585140466751420172971747810291072828242381141537303468771024509530386728497559216913699554065199979583098554197819373082686103677601352686733452222484848552362331995368299096316136157404433900
186658550350104803969081818689857569397891824108108621581836092214887241974934883739991348431782660402211997133732566890042212742734094790904575513937866390439655700251714626833491101087988378
7906242849741863125798047505085868151979369710907468318368319589731820997900779821440605425345614611783130050136801243965842243938280715734783167006002039996224423566853977878671486940479912455
2224264557128075387013052764599921275957173219740658183348261881298477016666825895482269243008380455982843299369624511908594412202244444216388051727783415465586570090660736510925068906766681527
6599294874145685008935704421038841607419880126221005771335189799644132409066859051196118404797842246186102683208927409698624273579395636578584239120118304915315810746018601536284196297260772589
77387759328177243963453107706476918526862258189694919515111639419838855299566612290474308389240337611250358386717356865087462241916519107952640710287713214619775522064928305731407876677907643037
30087189332776117937440950188789392066025160558322259685979402900626438733142595766443828359827628457004270252938740212287288967270492948014429897557750200802310632968164249450474816407021496150
63149560778626180116549798195844290196514471487936955131194520472118793819521164421619390975896038606623302911548941778262527541340609863289862865482787919407343917477702856719237495904008440050
966129811873199786642118588773035968549320636168186382806927757485815688747629219322578721191291121109729816485422219161896018583710701506900555895008665962780872267254793249673276657095295759613
788563607247542532653661190324299227780066242802790663878540751200368968063737834141522926004991992340427464337652797681391970797799759935808568661164445921367534995028054246297741430777021226298
242426847707713091739636004381409281270344251800452112702089565301470632176751350901960425834940373382185507983642995728611893954663111953526438876762705035939159782097543507731390911051019021631
9104316192210679623684919343743628259714939745742981554733201541956991687388761981454795588641364329689192859972903057623942749363126621788077540916187573956033034887163779433070260103444832258204
3082012211871808777357980234503388428665539777750702976643370155349330006686952812755658472948092587989705478159733937307563871695341174843274910392206704812782590912010560661537609364198151522005
9551230747847637077302372840973745380103555799200725259233365341185798293651829114948434086340703446006383311291782427241454402380997051530520691383383121035705043503011087831093187054540766266217
68974968154854518090944437222682941937499540382756480513856198555692985496027869506712763489560722580988602442059219649121005142096906396166172373342250326274145012683407560032472303645163438284163
52706709443731468912006234670774006341716998646225699102259564849582993053843254133584548975619927594338344367841381157075166754664939434048097439613322928364085589940843628218721560150711955138552
77369578345778117596576921629673666310029265885186169247132313263376336828482126091645979297427950163544861853920545434478553842695963332577224237364716968985222559939932176770529901272908754606015
351492561514612429832851893988063613050315735131378873677349364788576958832454553700012891273922361664735614293552738712129510446110818797333029837771293827688012648662892184588852297142718862266333
237793939803929614704966985940949265307867371165094180926130903760589225036980602478230468439628813233111260095643187947038829926831148439742529119022791926715172065834557962390541980545183738207064
909518139024931348649062900217840628013638373926029636564926312279902610733343642067303097474404935660038926207320770508230853986477378414219811600988931131974301319521893481191640018420918133472759
2216701719572283265458954144233367949181350620370917956267137849182237920052681395120724112768766164397381329746256799685594826526691940191464477740651442924345130819937544291285689248957810140035341
7760322516045040765583385057469066542510136268763646679009738937982479985036179898707228774579745769602807575777550578146793618019934053686511422535085458225371740980262366355477426822552645097969698
1255983578336356999672947116353139320272176914588701426297062312777209893603412968943920478473886664772480232535182912205641019237009591978201380176078281481118798978413523400355182547928283281422660
16173472148981353635427393640026888949595784127278188643239031042388767629772707745582118784476622463006055650890914865827193049045229826678502356015793410949532373325201810736822303483093790113623328
16270692017379856208243607557861275409488819440423959313399988096885207623811663433544980378829315455252778676018378116768892876080396193495836295548861879613807394034291592584793342120207140307035111
72285314300103339694442149399314310918524740128434358036213614860097725023394732572741212909140822094364522923116904500821542618363726057908672499083504670629861548010763010544494395364441241064875532
