2
3
5
47
97
59
919
787
239
2843
8689
8017
36901
56611
64333
766901
915479
778313
8630861
1273039
7335193
25045213
46468613
82564399
153783053
707927111
724878103
6374474387
5519647453
3115701691
87929716729
17358060623
29598177293
312530645239
166710629633
653553744911
1332616543849
4016441807239
1250951677013
89760558724009
57785446799393
48127601615939
754343518201547
480046217967913
321349514743529
6834352277069627
5784622807692587
4938783085905167
65474806389268643
89998504811441507
22095474272733671
250591062298092683
544614860624022761
864763030167913073
6378730833648571459
5208926878695565021
3353331058126915741
75369427587277253453
30257830728889829977
83634280896353481421
336868486787427979831
866472527257801748243
802938213252235904339
7899404119771374487619
8834032639708878689027
4814751665979207911689
90601728028911326592397
41062440061313815827517
45349125288856500344771
956836296948297166204759
132982610100977349017839
742611226798737334860277
3513123502994936518976671
6361516646179518366855761
6553833434679286677121007
99513843772519002263304677
95994162058423477251768539
24843086015244355358199331
452307057417103739821955707
893238280803202921150434173
849811126674992450701250107
5954735665298837665142432201
2217152786312298721324504541
9048703922182170133171981969
90678521292363427986779145497
89768472112857066895367780453
38125849083407830990791665263
112723193394108613297715272991
759859805273932049605689304727
155848500099253023925960350059
9963625888070613362098929410309
1830480431810966279158829815673
2235342803565675260200206515797
94804858969450895914215837778481
27424699772301094628352358952281
58378307056596200080418838649741
626794321258245969958823873392723
327093423834264393144948860266589
473958467273279390261756052165041
4306091455264438860345770847336257
6017201549074556122694332990738187
5736631202391619821309502303502621
38747361842389734592476319041735071
80034632006492915478123653926584283
39497148268292272090227165625404779
479570102622333244215150021815701651
650170053973364700960160425754547027
828446288419327293525700245592392121
1611346450073844904216237640196868361
4511691217612526611921974784282975807
8366788152514838356769548589788354541
80603995333343817668929787832516597497
39461369991001064582009618853252327149
61577081503263146084715880685302180763
735039012806637463730492718954898575323
850159656404302400572441808576058443417
981901479164853442033425234872321708071
8006376000602196913521937608315880423289
9801096555161851200675522945577427250017
9693446824699517275705075969289686859209
48886897686542312894067802178786934974173
65308145987640117584504560895694729990211
41026330601799194511984233838757217213617
349689777464922464379967907020332570863351
395049129025390596048233480402280133274003
248850315884434167796664804141116052087269
8413801822505907196832675365531918331723653
4836796250564969534503855942706808186540511
8997076380090427778571862637913029249414179
75174509836531968134614160034903072056426851
30100597909652009113156663584009661838438951
64751128649929270984939343080642355108873737
916823839578359078510530910441787148947389087
449836466586086079055608222187432862620100579
107930220382771374790021944322633927407905189
8862355638038119309743667546516135648324636579
1621577243004663402068356899605788906009322983
2892402566240571851309911276873870674925960589
58615569620924040763091598194439997351289666293
21669798791184925283049370538579632212550494169
95639465792271655484347692901712035396422341353
460828751045404603208665430221330760602241298433
760452701216251273372938452900169267167499482947
176773556887972003105692401950580731574591772841
9876033263703822524401310958219039661244245254457
1465992969511278557752980702388846898186445155177
2590163595057980281500603751607358932730525057727
54987449521949943168083460163029312611588637550501
13110044370805504253200957916319181565661299322671
90631471256990774399932764393378291213251964937453
892332401135082459944669463527357827154459019299611
811707982532719730769898250217724223135496077119129
590599260300555569514722745764367723105358723687351
6314833513017305738252087843833887346989829305143731
2012387142726496558297015394393326111933233445014541
9956617777745094154800829475981498148221474550204313
39997613512035132880290012154947002187840695173627093
84442366872002268042792445357975171464298877226038797
37889694479559240194315387946466934947122723323656127
664539313247518176260452429313235203281290300390537613
836128572806027139318571287026577659343866649912181829
170237837043588184475362170933827216078379676743141143
1351908106293952990029684709506831003123493726706817167
1472415710528577807639030692854720294185698762106121511
9609420353523251718402577249314563864013983698621581137
38928351264490179756028474583244982659458359953205277917
35025172801347206713521799707045366674359641673334054611
61609121263329613937251326175993756870579715650936068079
817449751498900178462816804689421555484827187013255858837
908562064219855239228262672659563441456830686009752810053
592866953910704578277038612532099888684455433902251705503
8277884123993228274039730310708656209780928811450536685669
5441890590574910029287914730275320100992727041272222576457
6236972341180310344111472196302796313837453389330589221911
11594169729002925582668638054648551025227988947230672123963
98507630830641195253488839309223077904724249305119236453963
26468254897177777444097365087181855563239883167951459510613
223541433901654238646896144736197311009377406937659708750879
707257660480065360903657160618822468269119704311610920712693
414415014940981607585210017583135615920092437339622904679941
5646733574417678388991641781658513009854350142926281993051333
7620851683171692924593680641108583462733979710320640605836793
3026965929589308223324572975472565963076876961629392712302551
47320208318160428492598895019953135342742430374173382780586959
12334410481939114804298844316132172116684608317127382640830079
29921998077942818222141254220746386289044337931284590406022737
988411409725172177877547861077041464676668551227566683619035673
423310804815671301031806387041105213329485256439863062775920533
960749636567606191865564913371661531093818954642474237178068021
6514674699639518485447468087202590697173118727091275229502951849
4381667909456842865769500013168115448932833941124042021819171487
7459428740346494066678161233892134561185465235014917032513284623
41734132492325900287718304317911114352423331591533889869092361813
61851265770001788959857238811808873611498454092508449130343045369
57760306297872386433206866953585300789363080070741304801638949919
718911777900802057440270800744745615620331778883472101388034207261
890256524557652839528592590105055598424606415378317805642658121097
852162762673952832011187406791975561568098414056045866548768254491
4682113756927091466714374747040184123243669027769497113693094021553
2892578172638243223480053255576646272570279243910480413596516110653
5947554055405807608215793498538396116226815298134196751575127512849
97877106822453781064091919959059182216900355177774696870654754315323
49212035376714430575201061889895055592971740562871657163844163694259
66355024039021458884263604390200341748196350200523964563053177809177
763649972625904447173934978038540415306727858208974729045628794424803
343946359509124631740998920250416659741866022130612190066869445236101
930637412960333645789586895631197866004078137277268791857953320198201
5261456869043863044120916268736210720893108877542625161066495340064649
5136527577145806708385908984704929903822502498534032409411640652837501
8682499648332805464134347044502963495023449929900933501169783843711573
35124298386371073444408882483195406747708205714716580954604390234892957
51153397485323078246544729213702927067299185934867791488601401449161257
79079265421562765637984533599011822782045649190866806096353772019490261
720789104435956483470532953743423517661058318066323838615247791696044739
514410380064372951384962244448467682036914743912197770801144747183138947
335849138534832610048061943899730714224173800948324259771375910379856237
3364775930198970276729695681079368174636459202976452783390088485583546129
9033259031597727761213736724506920850262740929379154843221130530476261887
9987317861285553724135526843763337958723099149141318222073875762489691339
11258053977025039433970740006437359055811771306847347257800339098558411153
65844351751733983844104710791955657838896562637267176114344712067916633419
30743216798061839937946212467034604585421555785715819179598715056000888273
686466319750062435516898276835562145941946172495456333909800682376495773173
904930507021334519660140111239732054098644197844281065652444466327999625573
580877132513666837136461095935984251616360269107751430605377950029092940029
7170876188738225251065228529206195476259591418431793191743632642185101282639
4124815406853637913776227182693085086164213071008779448346499196282380286837
9629121535818096733340336216344385176618951446321854935543681847319145460239
39031996458152735879945242810832386454157110885276170479522607871917978176131
36228155406705408604666647544005823431306417221418165388233002592624507625003
56868645167771495465547086581130218564997209992608643359600746053101209671641
525129273978029412511885925047483504738113636184829659196715798722063880554887
312600180054616800121614179116384642548465033628049890843439503515440276952223
996500426731411880113511695673925054759102303988855450714679613589564112553361
9810477338230901591739538834705383772044498255016125995655287804996641921930649
9553089079405169290886305581025444280117327575294501976448710202685992430471651
2541286849991993568469622390054106658342326332082710038109698298020363554718511
65581526980034300040308951912023572153654561476144238028384018277860096343317049
50150432770135133024426764157639671443444033209120925264309957254562368329270247
35794805809797485225442295425104318052206374804386564831071060266722114905277029
254327335277653500225703317441038191082894452940182862806992398324270414575041937
976375784505709780060720157447849266967492563698748453797267802577583498428382173
995360451741617323189002766009000914465353739722972010536820572171345041410220939
9098834994075342804178422403426813036739455046336898285468402146506779909386187403
1797967322122863726419449590740467981762937837283126436095730531884848164989002503
4013591179565225673607909479417901214766546116015521036310581532362295581050732269
71520506976171866848651109480227294762581651591644664417871197687690188082587127959
89937436009817212811974070553474618451728651857307407384426378916503276186161453697
79060683405177622559577153033877951843759486811800751720156243911260413852609331191
759887425654935377048529260776143207278384461467589372386066810101694118117412247313
323750669701188583993647262822202410068022063540282473771949560110051226899753616077
541138735731040835136272103703094951890363864956152773257106320152490463122885079343
5386589925783136490976907631287466904991473014733176681097386217785522874272093507399
7439581463222270068916222537159064923731631528874200721504121917021463961999367687313
2423022178517354700702028313740392405198294120519116570326184795921958161274118991507
22777011189486697970893365128274593971509012768598235733782191737772975887234526854451
71071764711830219925792052979799649728856285891240131445024186650123009462902704669681
16340267888218157759117645276805711680805291357199618009786453184723059860745070908243
933095751091686818251223719330706695273160413761312618162449529211793646604672580608357
487606557125944356538876761480311482973454978787542800170422225556806021352287316338791
230910603877755262579882705785953808226080210899797169766333539141559745991861599003667
4839745302702830666298223342877191214861958367403885633508449984182258133266411502975501
9308961649781354098595815499586598201892680125192706668124508813766672253459726613557769
8852836335572603360258830219582803589780388177977546927311644469589658743884058843871699
73893602048828444405241303033188504641458196173086887274442182116811887433829189857167949
27186199890055143521984508593900572370297724354467149880083716993881774452390911900112561
22897129640013040081747963798793518181705090159388017971564667664501351483172083382429621
556485481516227164446898970654727112876506362152178117369645647471243185690507503462131863
826390454106461500654371419422404309361592052651674189489345648159973432834204335738552023
103044737141116873501009501074691202246294013273174698567043091759939594930391584123529201
2446656826720655240032094590771326250781327081493855192190960837346184398467544002986780397
7122697603351519474734251542903681381105809625976472487033780997316513623085336684613723151
1881502842951160965244722887391547296202100255820778944899797797222853241062705909125613147
77757142949704728795022694829450903737729417528711877725330230526234989103974229369812354147
14609286577322330336759124343076169213567752589683343302429505840269480158805862578360346403
39365117411384365221423967952345910630698889907446081583732437666256259230701552829375060321
784414716789676211840489351467921200420143779592688529266109836345434529419590359045316298747
636324343060272498646275324398027600156477971895056442575614770409424953645367220602942997441
565763624832776332928814712036631561155076356569754562463374778704570820058419944441394058817
3073156475756465388798141719009837238063334530414831872986415545548185919928994847578480418859
9614784246457341520396113895463110485170402826198518021458457200642500140115444568557891505943
8119824593887272121726297700798609516909253812178403666152537142133514809325601084399965603491
35570667731736974590360597487564741314044918929565624919718802879536730561456501426122240969411
44939711001856074032300492732150954206989787513732904360030752200607734141923693110207479528073
51174829491718890599621075571194727221373262860467386042097730550066669512790557314046534824381
920720288256552392354367336036913739445052614970402507224277930938557568883547693028975361877057
502663949018855328676011310904346163870592973909462800746618422556874131680521682134228429310377
538295853431190329161538420916164030118141825115054610111334931102651612376903733584157677579963
3434162572117179822469611129002011246529774779434813231056966632700458435429410804109482849760853
8508698484211639696369987434002335130490214452222067445523241504174653421988432107514663341694789
7557408844649549936504787883052723435647754251585394645317847859057731796351325837175371543613477
99849159002936656623444615659045918740114295145514009079804952045233062584819393038753739007256341
18611603971086369322084699481062056139888851496944115690261934916606475315434480973109948327448959
73270896848822761398165676883977405886080320432100547229895260073064974488162448306587176228919337
437860125387725968629880345731630948747965773043816699837269273784761433162404735629601025922173717
474407029696243823374992386891101878533563079382057628230109783857119828731215430283800929184745891
129923610278636133254690673580957176699835185845721537093526326770433022540913104785520473161229301
9864297476507658144933549899598031114580259103525985219038650822025478021142200753838758132871201193
9417498078062432760203209253867817302789022663277715166102233395950579928639082079311749760446962899
8743203316248695633529790277485624140271273736232070782229908729735987164421316331570136420513100447
66616423656609706271803749080200066770388386995964214290339032739566155745703618540712405938964113737
52260095656448780370738385297329028616238589659292941985262283737534521436118735352728205897939831441
77621824781497733628161304825648196103911448617114828656843410974161781307751249871009811396770655879
798607942529633839485311749485600308393119214514252765211765659889373640942673802209914433705458168497
252137800419347788785095237845106954065974194678105376912580072034654972926725023842283642563966678579
928452152718012063828316403372939808891936043779446063631104331617021980720719478322349691346228937379
1436468730801241880674023675137070729119161558560215046955627197759536913377716424754847923981245513921
5737264738486721507708687616929523056900998692993916594348395310182504307119345614377709454383959257121
6463106617669248119398453848001020147654053765704558601061235169934904321051246404385954941232880105047
14611836934832337867021131487608386389573494627191931354383780044669093132389932412185251467758192011023
87323466346693864895935286141359868863949780649886060445195327883594517751889263680284619259924863724357
41974050931387197524867578179591282586738642443665556339141635326190552500369486523091247195485915650981
910594387254017600601685372138709547623734565550824357391568634489453586146432486628829432166740309503109
935374275921922559686983437988518475636661591909841585457122072766930400899365694906320697655169523121931
488441164934349531824887052076806279456196799540315532378300565919967520418375794136113341261770722536317
2950332501315971880376282904818096974175090628762379242085857328225437142808153661593396121613749532514117
3947225077283650484103793745552768284845565905422901223444929338162781183014652281045431966691978941998961
3611307882479659775490866038648873787702968540202236232368630484664238803298576494842878797087207008581763
12668693272002957041214197940629376318823131546317261030795166854705302849869197078030743278181430820915631
22642504310577772405080549950638470621915730748737491051259521664397546635173907345354392515035954552399261
90006996798957157235305883665222511465507907432809483368755383960341237318692354677401636025001242397663691
840716569635449676565178616592599563998449467438021497305510340628061248406571244380060156063851371304575273
607099673525001932359686719324378139659648489803852618071099797877470641633581487111331506971238940345439719
417540234306349905206595283460895320028944849711378316384706872830739291036298593997969475291717506223517737
8463614304556486500552447926037627140215450034719423141126339183226275193342456580286482139225737534543055201
8322562041733773516176835783328591457338718507555426077477657647817484872370345291320568628306224475726990277
7083785180760648444857498393542232696630059961504512412233484301716960887611171285880611947398541326822039199
94500262568065510797525267951746727592258169888486608852688685520855112956124419831315329567074625032943887209
75392100070667165424293733480072499769147357403268785648059586783301795155558829389541198445297934352455890759
46616581201147843906245975540371283667508012771950165282284268389627825505845395267956177120618476436206706183
549349025587591773257086445882920472393615882495882634729435590878819579240802689300478191599073049071872283709
185642619414116267561179828262139562006890432056780068576709687378387677226397892716330357930099036585710975659
815810013691826980863931077623191957571132220515184467933472466865327319846029047395348961682620872973768437767
2839575322318059135924540620238890458591630999232133843416056288533669868593497081749868584433960398566755959097
1096851487023520013507757557290811186899933238302091047234957357555971605999487724346189080864002553059745186529
6093919858106911420992956950904118671498429064405525620771598223932537228420898372128648641166237297668556738533
60525933147491630194084599077767712189957637362972955768618412047053743483161000928126684378914601951618071190763
23623715125241124660830365659149056979182200972878079164500044870982145913541755506192080639022252424559919973569
86691207814361460845214036300560388098247671553910248129563496368104371912633053195230765835917332757751432772587
724992091282545643378054390248944923571918009070749629463725019050977702234032637898624500962491926434502569683481
622833407501016406954399909485052213881644048347700803082774196064875466090415647673024752769099875286877053388277
816149701613080056883255435099860314563907225123981269025604229737747399875113963296533349093056365804371099575377
2628787237497399410489691378940005446962936796030051723859051965784480700115956517433730024977523822492179861462509
5914279885318611466182824350864127772950687704560936256864624842251041870546749326561085321983661688309856122214341
5295066609665624747816597838728581872268889421012345477500157517764758158856136645124612092403527136469800340672567
25368335297084192493973630668796366361820441573310616495464020085819912505981308719622463767772880697372576845415231
10245786685535914251811931525252035053741754092504525874247342774217413435251679332196088052098496684250301211424311
84251453731428690403076055314170172699570965303863690333047000735945570357274032217837655110292963483983542416737127
867054340390797997179321308231342096262166628397197021692352795690736313601065335854974383352607836476206170846582433
462944072250463165050615151900791170568271494945521453647182537168898863053393402597383519008897679134576706578400361
865696647776381210770912270914464520734528278956399898211547872769320531923822450946039056794174891540352956513763421
8084168223670886954718810262355741730064448120477739321519519309665638947787485068499622368462892666181902043568968729
1105196810790323070039056427228036377950128748964280423075951042239679080466307435368058882021374881139382965329038519
6614365163915112360801412766899650885983622019900888988733306576202594981641484650739408599127021607452723245503471851
91435388756750359225705715763830830079713995708622604870781988058916678160962588708779862654318579175315520881852043567
84423067006292537030854745458813855525843732899616872838341803754137429631827804077090220193265243672940004422127267581
13661397256514167366018162180495208136987526164788476007230447500742662057465448395261644439411632620076323472404772653
347500604531852183006734169787246413738674762431118524817566526868674558488636696834658634964730814027008162302244542521
808486896580136764364581815663618308883660799085765962131246064718405702271981889732629899333779065519766158859309338029
431128077609319355141499870196037094320557318770034467915753855595243096737693376755219162512878031840611428802661303809
4214776058698319394294066340083921242995135652345372870321502843591318875766989711882876971977760845877371337511589214321
5148762048195965346747476997402209621071025342523422314150253426442486331252241045786595621433595922472552611930985388527
2735367333527442682159077492180160066527549582602714599545884232146158812566227224265611930486185797818142394290353378061
55975619884963506984531291859749065594259437483867830162953371872084210422938342111237244591855163932322396835092615535159
79282077201047709756157374472266215145743591008107287899195144769292910390823050991815782531331318440058079874612818105777
45716122630437513910329903441305005922027602623632821841578187311937725151380827252990158420464557981794725880418628447631
648476374593540147548383697076314578376712518067490762159374533590327370963341024651262584188860533701102097431565563022657
829744196473166603279640700505314810420951166411218442632751670842635799665145360012116396093597778626675844376251401959209
954773502041386518352060310919391021917306285902454129557421839827990530799628184276627028227119125163378110945691980798469
7980981604594141919266947920974891580094688868821439899578218501776760005168230430735443268524616370701213028886164642498309
4818682858793367201775145512527293100905416214902684519970573859225846984237516376407144700096284416715404829428808552624437
3712548609203735355562972650414944296381316918254819176136447241830877510190080729161642256289495912847426337161763167921183
78745826886747235019597808186536700825767996338619558258354593400521598867818904807455526068999800377474303969311586093920013
35688338196405480894248076524426075789845505076796726362685983626219998054852270253770829249686361626617374380757186504039081
65447829569951784490103379332774810213374774585075744791228711734990906335400716037608645214813060334219877859088200083378037
691737901107925081440909541642988649808668857801623745727624573829011910772678303056629320665011837520511434718790792753986047
506960549837048083383364939276249031715368196755319608548087568273690365974333669293666696515540965119766342738334917009949661
593250453022337745076225054376353071784373253746701761494628961401037385939630355000618515826713728601040876880649845577344183
8556445163932252654497478675264130683288024290395893994792240951200098509717533672822058146260972321284766914781729130647147971
8868105045979722463803493732313936725760952690711360235776391388381927223043206518431957919484543424445823639756803331932333567
7216537230118307363657245307621903593611168296981963910851055015724278024094735534596514955922821313777467384169526334793082673
74471504175615297588288263926553601559977194847703973099113791525671711835420681809942605221101199431515430967802344389053149079
76247379955179999175649228046637889141467266459623451306153761943586312586976694658483498094806303463502205554642478808764182567
74788801559365160503739488677221864827283332644795587161180448222341563535364249577769327687512483087163788315011347031199780623
880930390369480229318740386516180528630335050407544232482734262506875049568929810028890040510798690085172841232750427545200840597
708199899330747942931986075704648700183567645869306034034416950169734318840975746522580594006010707956682454678806487010396531339
196640342798695482814426697264970844625152524674964887261898944512050339111569345464023135740722311195685409666150947142346886061
2020431651905946661846990980113959357870046622120211379732418850300635158129447610819442492530633866728099523171277782458610518897
1330336033009265496227265468071334456627231079667564970237260789925199864315045219851613712948186598252665437886842753639051918483
4639821084346374771163833512133801013514549469601861964268057963667241071655804703989816075253494022738034102549379705353200071663
99083573615770530806210931604985395732394570496255027362862480183444812000518948126586036466209057301597749374770757393058465534801
68907844460327362278235938216782836837326980585799206912613890980541998048268503407808603359732759668400851845530322773639189129139
46774558398957980535379206111616364625431340701566629769773365719699139839938459268790247935002095364871004693624204478532604768533
212606325273309935124120454510103134483312221121813139610187065971395586963849302859255045145338906902436299123763876272232208999757
671711782323037398138309856127359963612250506869071141458109640339010658204822178919397591052744373832502391096997258249348802154061
679875078764563824191335804831611732255676546977988663131927501799826226139247043187618864714416267836307792923381028904525362269971
4535541509666771161385919910641649222407273180444272375517666419147991219571248302121910369260235369307611166586696213328249948248799
6767463562869213029319919711849165646853936818929925401805043718959376126826514411644773332769210659242981733424743835305331824301751
8905824929945672413735145957471762378808319347531767229353731178582138481212780479459915306052245610062417065826820791587779996732111
28680039027925712937420517073540020704480666819962951757721036623931715379023482958234040122893941231092259933359803329084674628482731
34491235835937312889954283223258319851608933151733140795456785312467027401902094671950795235938377882334536769189311909518433303591179
30739225165140732191212984597293788109206310002386889878110483825943184931699051105525958126810364019675892618360511994389592170512013
125474299311831010734308563356756808205102890145507031646339365752972049405811417597125394583645226682870441454242146191922178754589533
529063417884150414032604232337098318257527110859872631334661328858542092345488368946265401701950942189208803819323458362496502703434227
363695382016116953283404531634998054095506651777133085976612922543816334438019678436166229767643245478778463410829459609176173493562243
3739268507529979072807290643075255541286369321515782696216118138911121442655404253351204138607728255353171288909970508239752209151204667
8560749358491791102216857356784730902880182967451462854813389366049896583000823685721898158635282486036251448994871765819594790847182517
4672228367382008283847895460426326869196471458088868242537799176175175970677311539455117545648656061565084082439071456505002968594196773
75747665333952353264464404658870736887590355807809141281028445757609616294281957122441488484498345032387822961206076473907820167345573411
50846952726820292284387417679877122845617167011625178139082716190462407512105876091306915953260619889171916783756728842712219769079864907
49771377379256675128595781409964257624622999541348214435142857208354906148213512259703585822487940510453473824656231999428551522279499273
128023849619795966927099251463753868317050916642672699482979834707923364658633998349179629421047063436573234655659332152440110287922520771
972703795059480137007321588666323812950263128140233070289755166168447001469619252572344517267487619530260666365106922538790900639556740649
465100259142598434075445659133684761214393334176847617988554288177075763351033251015782942238439706416901495230328902228882286360154302457
7817040191294679611898352447738237157140044389405620609865727297309016177187007965345772507156684016534207482900952084186259088631566236959
2177940253918981164289817138791363350313340927406805972100751718552564068527137295599238681606633049936019730732238725360519189918809424227
3589323629227050150293766291651577897571136865090548527046247248888394306861507794316465351998720375827577271823423106133798370887078292909
53644266103804178639775784740880412521792945893787805126716204568167549263980550092929052537915654651847656176171671016382802787068742464353
44859337070290023445851955802588219864621009064683034236925657027884115130717898718421418570896727365176869990616680291591631699377754020713
59369738576280558001841796163727540160995866308808312089496742991545323402715869122515790429416302743250068878566682215392998940723782567497
263980213892196124931385125538407274161665894570745737760717081590619707183126222220955857216742475489340626620529481835477062556835258483399
912772080511313981735888081449501061127318686453361019341968266575528763004930158980782152164289946970019189814112414373748302891165165816753
609242187580801328640218559133225506172219771025765545443668758237835941184191786946106769093093824194940190703089115331243462978037843984717
1254048540457809133498237058568925550770003429689067752568427899541262339862092232881495680514110229725296042971229804298003025887630223604297
1589128365205399038199317525404826385500321711357366018990567961861665260350601129044165658101025249805008037650261652136255800420226049059891
8445633438157182919486759177762417100076926998263404263100838721246918935377493576508162610913878018135802871850740409374556368508285168737769
20358165868526768365745356839930030392909990884440780641436315947719807678425323412945912675060441859134101778775261738460347154099004810605423
74122796878668737957500506491213507866414427848412287331040497805121607798367454317898449179548865549255040257448150241175993049252879318171503
10746524892617354521014620767197413068065223130502539538140345480379245193650323707652214684525135574805758390145309604006181722758158688287251
194272773488580955201126860515646495473599228824076498723396596653549925265295675346301310304807675626345739620162010583840878703224253821792911
772449293914963748460323495782621875876842831925431163029542305207538179608992439726700753767722683826294171698009368131537215302311914898764913
447710517342813053215246574500695266779495717272888057307788237105445425623783944167869883563833325587420715099391614712301798741887518951148013
4550643500463205220034289084692892177354626739978458940991066293692106737137327252380058016626642141063965134131566125611255908143798280011376727
9393326724002381618744582732173557298207487156032252154731372511000159827550783707558460405791572061449867817686919016793044425689368674253598983
6690609810633352158409594417414374311884230817685257327423877409001837897477230317516383129652435616494920591703956020527565554431523212008781573
22335499903458576287039946015963240946833587894362126350327116438475172417039272379617261874790434532047742283844299677000342905139388195425409299
59803820076436357832067972746286083909847350304686003555186411062915989320274750660942605400576981449970454954605929684942623214658612135720655807
16812822687304348961828097150638978885186338800245105822375374322111643280031809175387729612833964704899382690959800106197060046617434479348549019
844446238040067581524904446652101767978151329128770966482461412376490344073301080497850810898234830821206226076009852128987819724493824398161743147
128093652621323570033661861812130105787602089467702124091541870756818745388750745068461999782802302205542821920043940644461457806345555374934700093
647431591004346054113126825425644051089055825582627220162042706652620256234615191237349515302805302759887431087417127126660131129631146175266917111
7963493002405801517897924255519376796968500889114686692423058711472868947918597666245366082096775891599403237613773141467727112489781463130100323873
3991812234336171811276070628617586394767516758194177853112620882874976176092217020000202649294549083267566678237121604334877792253107909122334566057
5493670684110213986349192845718778631616259326452539158997869003858098003370256727901714976686268498722896027612587739935463312214886709810789612663
99239449090863377513298976684514744968965353431916465482439737852181734101737619043202032224358211913323984309945633082079633339129550064258402400183
81361280556787594746182977927021814340148366844618081104289164651077960917391709965655312239951771746789256283190104468085825223907104868797590410133
22848002935738612179652684682424516557942320490692419037988184400533180098741672105570751016860535068406530628216146784244737365683760567587165607301
328924708989628445461044085169281548299946637369701901113869182033389935485755957146577320698425291994781378029204515465455615548028976180998971045651
621097148018371081098452463439542102436315702809679395054201295618118902885284941944896654108112107252461557718720292841798779489534298498482650626999
791119174797416565466863028996604338118832836437857381771567457579786635286050878802336276105148743904467007396113366290540233915355423346014969176649
4350454037045129831756958713533147394096807343570718886008628236236715991089847856173568839572949657395442770469471844860743927089496570309534382583197
4074042070870018338584134065444078617643074535368712201314833865778283662315368084916709034011586992599108855493101975137190448457519677041898828243507
1874706982648425073730048944660448054854419724750856850955201194936945273173484824882579217344528611908829551229874209431381477065581782707915508065849
85426609132642303762372650431211328254835821426595792473078220913474611684758702409361992021270864809714689213139404178362768767214249044197273457701467
70958047164362598752933844059739908640424447432097107839088154508131345455154402671021927863116100168208545254467020609018281919080770098943705851945709
15409445863646075265664326051601356439600743001565947219047716558277266068815278284508974587573518776992181945172949104808470103055284600079497164061313
540005583355302824975906249628242321668152240337212283378285145914599267237613673571682071226512665643385165596579501637823661308515377866429249235175651
582294751205594467154887389368690353850119319769520365329820558210356603549255661142984174164918122453320127996371333148849000399237642119445629920680279
601102329429638190022982725979463381032512063447472683897117184772310781078285712408250612277766638322621026608910962271602670908932098211185300762665829
8253312840146641515239632168276792506648678679463328119296313834235490287692704264832618474964204925054002223219792517108607732908106984123263357218170617
7964787583538388279228651885051830485751874393752978877870239463361757204150095138926610867393056029236379762873810779159385578688820520353607909591665247
6886715679983643740894817574423520303288147996955894819154541852831782479626111899110727200109325531486794266559765344133835157463813595680130686300222981
60274033575628637442853059888798978824282060872140847454533757296854665227137997413041787631499675025243395109038581994309514586865933435018505539463073709
47538711222747946897369889574195600779575956661073086109614273216359987912628714534369073121013531595731671199911719090538252081423046357721852544067265953
84707703933511985499545922561767684430114124712135705973176951262713010137208139810226634771897726686483248231777080128526351826752305723833788529165330321
347610789759389370227266221726447639199156874898254092147266188121887329965565017514077311554762832578126361422171155678523984451017492073012811998494997357
224817308552060841206700633190572596783864203615927861368831841400316610394161770580869898276781919620166961016796957568212374583127039657008938634269734763
324708704463994922448577677514068456118893260490795990214266669066759361882145833143792380089883680399307188883637476214257245972628137667565460099670385269
9769439567967014012023210277259364965716873827043747166921792506033835489354032203267455914258594473147243679554487847311938897742478779075537051792569062109
7788708388295607703046633416893872753090827970324200001030942079047043151698211021933357082921400385262821177906002731316535019892706032273522011788233088877
4364705022996616461148611818943948783398786863630223527398305542282053147693451210675030363820265299371938407549042556372212678781863632988920123299728399279
30258684327359214095667738723038173591027190746812803498142622712104561814666735658628627371237144633751546124614348586298542553138109892402209911580217351287
35186845463357274205237754384647394996859596276265973494634486769807149408964007615849236196745178745605075120615713179866105726957631307818683199957237697729
97595933360114943390518681214729779135233523734137844342684924937844408706171926710905005832519404198083207377354599362563747194833861439642874319649931220623
401658342668658801682094611296292064755548402603911814262468817727811295757660629054186897437228868435396401926772442350641386303032580713743133362085292499187
437745623367153752884600975404470705456461059860449156914268859230293807101247194167684037661675947106198640373316092292324844225209803376671608344424195516367
209100971008622253533566955747650952434193755816468949448362956359380190145198262569220254743241009738526426696875494712327614180194653133225593674087901139623
2654576911740671789495721401508945076928459325231010675557858255008869458238851038616490780831624781488569616722997012484101340620547521609282223367285241364009
3546418322551765388781201256956424725068270923246475737714295928833133386540157066673497350276132642541827206410526230879269801936025647578707661034256916950977
8459651597888270910848187021198323144079993934302157254017604674318353215758168352232670087517541208203635924129245274775084655939925443439025451602485915895163
47574049463237028575495572409385172447969408158878339385073983218407722340138481734564715186508515068863102288095387122260699537762133805970075050303127101211407
45016243575269729134693232061456273129206734509581561128821209228658735031361668704429947047967706356533332815334940655857804793146604031713044332471418715144173
47009562506827461765492285572597192290515418503634128531727167373895505929356458290289800574663093983098105796474425964954619479540962581295599906788218948070041
995124776261060005344085510208598277448629449101344895709575468478029632587822010855201255225517986008496918888064975898057296511628312461026224345578374711656919
658161659567371819892723678546234832885963228189656805387559537356366229359480364797960030961872384502478442121825855884044800571310038126543554983001099584005243
929134430282352335525126608839605447788030738417575095491658136257548050268063138287033483432019532711580793192027108184013554734690950146144862522349677555403409
7753420261701897808951454671204963545353572425268184250302394132815962874210726855258107296568708615613483583323858224541783296405466095772547899006655263051035633
1617276976447282511084751969347441932249662813090660124596690500850706659684380239864588482662492710835215670968412724664167080253643723823001727908941808571684327
9627647074095969154534599170904404763695498341795478596654862438505540213844962629486920516096116672269567477264219502200138381458793111178824439665946263302542841
72582394191891370350327561128427706498829801602222395704660464172041074830186939887857005953574431702360330558008440374768088366262328870491124459906882882178794037
25457536672415954703727435356801035645805678183000697767579812096502292610202740582747967151564110158711999073868238556355178767274638729049683329645400512957188839
24020377004824872960353699480976597670652016703815683678821194051191296533698713128691756552370412777829476304584407165311174991667159337557758736124552404915560221
288697302298467807598240330274284819810436292240482753413760530515686696438473090054767146886742196505185469387696641813406170969935686915843383140470837730211925547
341420895896384969447586604138156226784266405097752343595014928342683339764153026254121952345088918413285039493790134985373095420482395113003212314966492844387165533
102543216894501223308214125860703806432015613355100804841268454603871544984963108998397995977572323897559057312092168451710622249270393579167930492321781848814999723
8793244105434717699657522508985671724884590287969193128627773584771251112858128662637360571870951849395661754547428847764025722293742665741230811160432703554558789543
8300744888113927703405079536010224623953873753759241206023999622688067457074604757384925961327118599792497347557685843187202338019003761055775418590268378902376450623
9219347628953777032267626172713084062180088970998384150869751705606050214611861415792762424577568383524460901721058603294664559838222119755904780898788451314108975507
85093737388867041645881933669932017188902073720689208665632384901725666671685912435651440688110574297427996245445029561614773953405550402056862678986576742598707681789
34131011303360042544166494450300326731006411294949030248427200194489224861698703990233390516012406444785017032390474507499433915605843375828575492628614619432651105613
60423258941880648844916132384855114016857823628953138351158686946860128432541634183938566426259191640183438818679974380508707210529485574171887133350539751831467626301
637762024673387627929081180005357702697090151419486289205400820721335411962417262348370493493246394635803611674710531676667790476864415843674853288582204870835279959801
349421009571090384061278301909778240146614728001642039437492111646815568231052037192064682820186705352983499370605462980844413751583043021311642622005611326618989926047
673393747271916150855899080485997272807014763373504988562082705846233626135835106388040942993046826382508118114849433330252647832086985523080075652281875900735146209521
7760431945222525915383181941762697472197040489320017836962999529190984956330409489396866078905524149931735344983440153330295263518311185124862118290061605559838240767127
2806850090519334062178148185862162271734691993693878346108116414276431616725078526366754404997586232202155476346913490429359031521669091272626020302937278700167416328227
5203723097442005836642297427496450641152943812397181456331202857915479683327024997792049232987509381626761428693776761185983929199717023758395999357361738817155182121981
50203244371440602865600863071466979144814043281001503837392504116638901335816386380777332982227171371203900529989545557689768395582738346657157905797694105970152191746361
77089037012677246798021842828036163671918913226575683817869687145139963701657405403588386452297057186943747300120723326474657916166337201959014335208746724665377137322437
12045073474677831812639211452971229815142107179843987690478590589998786499348696010873189649424433609554845413872536184336141008442351583739595572379596654928625543165723
691553243646104778634049295521675160914760735668157856727222886543902605427628503694136234825704813795558397130371379333068573316611251225569664339670512640754728107062401
524842357946459785515253387708824014613960925381060477799229989776689670748091379455919444426956857368262411684317858457121504492143720943255069261309751731409167259926551
496781563531393845057120325553563642089788184198772228043099486761112012145159634349171915138428122689766190648773278442160029759293093254855691612333687958364655032049987
6559126710793117212869215054164835542749661660997253223537314213537249717758457216591000781784087585821797288886539954954752927558260999176660685307150193796863886062802101
8744950918033556253144997344260853948907379575035669715188126984181759403458491654842827477955236713889059940496642353204132726094278963544447044534202316243038057859541673
8830164348322115398645900411029972448274544215522347598977063840536707530772034979965926329743312693367177171766338593025904959307326985468912931690555964338933819496953389
17064864565094360523752526282333468996855629685278821157434218977293551455712646176578458229420221333257915322178576361512290505400981285181853825146903002787714568831190107
90199233649966105930254045604027964591557534116116045256764262670971545775887395309753549362322888536783051366693723238668783754957375672441992427363009225638630203395009133
70865794639383533414348353355395696710479484865123740057290519125393095923568473765058373519104379990693493406962919470472530363004599279431967472366654122993158846308352139
442976702803599211692760578323438365611591653278517518428234756224408696226381367200926744066369822907471628767808917846953123664027507929748149870519446575744773872823664541
355844478281985823210684233222078760214281029316996815460428304092423889979511891594258238358632943928861821099981073054790146387812039597312797435150217613486270279095909039
645102762062190790038292676193307281369205065645817601397998647355237405555751856793181609820928051897306949780227769508124399017296021713096886125103229929559631177273852987
4935291744787498333982387791638523801492806008277349154784374327072077523003447040769982426528941613736688809574399260825079648327278812049061041600321709959782139065849649337
7348444439405153011561357148376591714998380737328659753571358353126383913650054936157403808627382004156216236433948011920497524920198668790328989576941856104016116701313213981
5584937064657327487080724324856945360242593541602851809665470273344466509968880201525646892022062329838545896380152021317520332261932563120252785199789266391919944385860719483
17338851749907282340918265790864571538641514011287261310212500029855865827286953865225242480610134571927415984312798088175867164269035569916231071279723669559923760887090322947
45906539243284877262274656490641010829839658119491801945179697040153290005443413031289701205437212644208415204470608217486076178009310253793297930641773020353210658865335618981
51715827600988785980378689900413667496508912892891535632817598850953936292462141020770758934080076603537042778620822677835070634941094746993331342126033068183809476255973429371
997072785282313909041986928698674629676823086566707071139949879393061792825509793707743137611158562659234046534128954071377975251146165755859609844099190583782744751047211736747
158229766732509434990906451893552965185739803179399813349974307766403019302966651040695125245475003186289361797135451575062810563463840518763905841043597966168261352582444355931
101918810802694045006018002108066054260674591876469245381258310329409826090592897472489026672169843093117314794111177933878874958963250920907047943787179402454139816175293172017
8911582621098941010994825351437641882750575044797761160180813102745385546698652944056385130723646351429258841516068568304267919133762146887683030014396459604604264525846770029999
7239500075366984147408113676720301182910875498133384999796290759372130528084323750384772676836208330213824415725022232119375577113013361021724296318942879279312419622267207576459
4501876178459100559993982209273588323180060047019004461671578235522472639942358924070616557297446011229983224915184050100734204777292945995780740990749025766831109298601210607527
76239388895026828632646151639174131354493806376541205079058962762362553988323690042725970755025607823264292312426175057684579818688255143534147739493329680068903497325886976811573
39261055149475432764661271220462784429246940584347588697021620384058101784015384790065838735551597853905773291980321641481853168400373536403166756916984508346879659319100078835183
98820327046595710837313199745219350856266492530838119516368674270093200796045401591694870895011435248383955777875034647107626770541264393002177635435585411516143261958620476526317
383203471669763744841076846849284691754015435154863966741466534321808024020724810011619092072235357130395488909464081169326951935365333717306479269457713700947086880335482318033423
141724682250346333930398164566890747513246969075004761072003068520023972533493940818433950685720491791894700056264610858398710773662774859455400923689247192040563177297612055108567
798386197516669230565322028215161489464313235971498648686650156826878329912580576782488765523092492202768484154447468464116278626818976097563641847780717334457862377721813744752147
1132785148461578580229117135990291621531386760530174072771092608931685135733547846906213703055484108935722192520052354716555001112493615369905154730826314371861106969230048036772771
4309121198021897702522033519079980705997763136104484858453951517366071674944682594642218520352149664780884223296555167710753819153600768807804236954291734768426713208227074033876433
9462905456348937076394240605982150528218192719604438419026259347397731889861931520932659368914417254699020572103379304747387675202495132381095315952305117712782761539964822776137333
33228740139806746526195178144349882988966016936720461210911226679288223101977446471938554062881845411476668170086949174294686880744873490431841409107617641274056550714571671883993581
18037263984711585995472290056459530793358311271266885397005144187697543801323392124080143726711834663210265790113535597476781745116744518639694991964367476075970050888101669980818367
18670481827852283682633733865462838219211266470364818429670883679154911506566022059754256905333483603845618959226022848339805924548472491411782722423261727166546594973367484808668017
371556527977326420039624752178004856608424653419945971595056086072921140434591044338343799381255505797323921153537538171617451349182808472228340640515208451771932411581691344819091179
140693808799198978910171768653816332769155215030816524860522775559250250636632097778051307468155727753668497178904621896708620869041101953556460267154593085550429525785726680640403511
183377650925299472303330382726412089576808024658549115843584332147604585601204997834961015609695419404501790170205042055163561547958611326580911491532375540248173046682478961605564863
8292086547145975025255422204702616816336851622813139978710564856940300441679908347186918353663830835142752555562431223886758941963435348215045528964176638851398032587507753700843456779
6617517275598904123899970652984060103940297380136151428410179967894332359989130474413472154775248963956428901240572742508008000802556136604871902800518843409014798202657372811237223527
5775139716375652356308663578116734791912151752752103910363990407446699908170826479146660644543552094646841340745607220789537544298947044822604802715641012849684169540461996007297020371
72002993111014568242208233584170539397685928719783910802511617248324279067006897178472942520480818342080564199699182388449101698699619781299614795209329971546464443966104874755601180297
52288722446904861521643756937314342577644151206242094988311780799613428296711123145397488344410998177624969559257621034792814615201708748168500682609853369123081240665618455310013585687
39200351810068636046647761240030364777014316994490207278853466520171844475110186721961444066409914522148043589419831416048334543916688159155382590332464238524216106773895757974553945171
178595889772088456763703416826077910919217113357601316420595490547259329946987935996669642491496491995546254865217938196883859204528341342456931988829824012170537977100656025654166213557
196272614668437964778235866276412210849958660197907422212092459509479439013535476327629628836569771585202555190472679419451003588058978681467254086996206315098015658459913340182004018789
382073089854471024643905730331655702437765798030841269658317695998368873953726229263205865863993715101444147998066537241304656992226388189369883952435103105389155804593571488997643747333
1192621009669234613655121726211417078372111255329309828893292617521669575492194637958158001124432200402571182232839203560709929465848091985208270080958084496544138852599461857173366240329
6761864120262168933265780449622013466897537071288429248258752579141958377474356990099487258274665483952928317639868660943174140441084025960925403021322417747633064968443195907832210191851
4525066783620227317391324987179820709942521995829183737726708439640341576726608613000037903818307623201460012503598323364164947650179744078356016131644215765866372489488280427047965313873
74762736358179082940187766834371264964352504858271838775527096999158600795796816013100597492648368868820921876721256966347647701739687166776151429033388763637594205625977661135841618886673
55934773163711934174326633423779876855211566110803031635392622477824156448879726281408502161937107476991366312577701431433404777266587399548871452448790750300955900815180526494586834503101
29408193650395307972875981014818816436042108167166685222444544153715762030475104781676796768307612488337125840698830131471365474620323268397584756833022415451393691640492123494291901180999
139122487097478192184052752876059718916229087938722751469569354990126698594529931074735743358550370300344229041700421626120849784469624285913372212649418507750029661445620686033740766023563
514911685733855213422297778402929444481139099547661728965005462393188618722502832520623323026863588066266406730584551350922858083411410928225764008121999101095906334951744549375242969609149
411374193634372359823622535316959570628420455461227460218325030510622548865931881514889882469330839988274419197284211363413910407444787044485873340149579048298338894267493750295208222773429
8575306000769511932132118008007206177402335769521982121784520577793523273742288923374928119739169334845862958473887752296361119553222636110864446759951506026656815135238415018806172067094197
7565988144223212463808970123982101455452268982820817588147641102480808478842803436917555768446330032931828898787901975178035813868301905309686472098968744321713450961690192035035139796057633
3847019148970691076222817263862368363352282206860757409795469152852911651742169653694244995014461071585893093364326098264567512242923392214334719142217330686246730132557423209199971816692863
31880717711000039848945028969192339188760109327884452114802596273635757051190342087856266753355865267581049750573857569795417329671537193930089386273713263315690678076865539303178807978947543
90841844444733759969052527454235540247286492453782925302265344101850523283193285862170686078593713053048055240210691258902802567421507200510251958740476550396669327104660836923617111759601781
11009601722661754372190580349865036992778221187913173375178563615777560751479329432913902348385287538348640067115059858586445059376881737382706358228585870490962129408540897846486876602771899
467051960024015618920159972178698688326598198328523047536299150166553833915841772886127020262162471918192080472611819986795890846150855242455904276961280872556226857140170483357622645935718131
688493012830708376679796670770125456883657647158658433708210239533959594892663812248186795486524255614069829400489682775334862874818763061390499103152012377107634065324744676366581740682244289
826028342167355579835990101166257189908938645887939142536827153628291223852608727448051405454402006052034565664896766038990935467877859657411134503564007852765370549117738635455719371836768997
6077540862205658337861311688172855519986070103666817474588336962744090868923435989763547677712183205740575675551849213118048157640497454338439793085145191438329115975453454569077783146434994183
1085230648910769583704735865892363197535015179374824743618681231086160887761009214675256287953112640616826539954397709573527886173400062985226029645214235568464391229104294395624105099697919087
3988815858727037858332027680026290985173898220201827357117496777183869597676253993933361422905036594782429996316361753963076616755085465630495288913864626990288066323585497655516115913924151299
52886710379875261563163214080114940758935398225324986474140771266592748617859740396619894972963423510451121146385978598567594977897111589660804115673733582621377774375694188743845998334750454701
44740067468041353456076529225667626858118498649525421280315261080266240178089855411283406147895209140331117619118527077469608581091545512393169883251788971784160557359705830605451996709125025007
63710784010157474677906481177686014518975542719918806556407657842993703659819763521855977159357834563873288987186291825553060576966398981425208659348407940930787610953938885250972679478682931167
447491576994349714482835413968714683090230847108977248085266433549643206515970338220227706520297603170032905100826605778123902804357748876293571546556542271659687739546097106720123769300758942049
978458078297192974168320119956641449422468897113794841564202383036853393566932110883760988780207237026849838738823815845689493549591733515290726510379036908025840548514169577308655833656191875697
938690412727516466049909856570271008399857244750830473580554564857964310232341567497710884773177210605569404311788000079551258059394959643009567551677103317188525936420084156153361131349218327619
5446952055726479102092801311355634517643651508433670426177803214213682230057522276066875692501969910181607607244625050459476777823932296315467036900426049287111549066189080505784210295506447156761
2670559233136749201042539692045651967238212655724428922604687881683880089644251313594120152620778918829462093391958276172679948185868594769243173771224767388377336917074228255614573813839566149079
3276573667251690776060663659406905458893782018041191939657671040331279702875548730796528641144212441654579478117449075538836760270012551991008892190305417394930743824402528082680833559096444182013
78963515563501888843288142489584335206206473590101132738805054756164872451356535731687480694032736938758035140279141169870131594688426672709775337688566839744217611827910206283923457938251148539787
86871806580264688682201145674198624275433102896996097253744724086713694261763333552756299054061759685713755897756931490705530411239606981347305688869205233355425404361264406476677881735189364130021
54963918071952602733958667977836484985536855816293469385236050366458369463718499124080273820459182120076472414248609584087537506955740290352104764446000947187213062734378550210956254173250802459863
514317856310741371453712751470386348707552808427241593966993978185000226195616782298371738789993187856529662281824598980163791871754036238538706137039560933639399774389921700431880518890604295462707
608252700519016859532412370254583452464256387741314805191066201636511873858212573445259370000152776214792536030109367962465688186016716307651365782129998803376037313537504670987988335051032286148017
565321965955995920014885004152995342836818399442303420675357173073183160076241226924534411947529105525430260710629874618708114556531324049230546756996408090495625258774981553876880012081379014985177
1941964735178361106291135506570692364877038105060871740574553834813530558668433615906449578269053468908840652911917107764383145198290519279235501474763394882758392705933376023435984519885178529356443
7534169882519746872613835255143644840044092897319395197025320425906190193325147597472000466995316922911818290146272798898846990126290949719783598875233742009539020360065096468421484568377025256794011
3055213881896728354110599137010247653670765409373046203044307958058758324546116878511565702870669212327045409146797115712896338631819376697448329820550550085517254805457492116050500475415308480904373
86120378106765118764414501191918858504579126054379822970652354664342893310746258205426243401798874681960442002268206864855634350307004688999685511108636666100097212057035893719427348276397926410353087
81383907642226270893270829281603555490251422459903626655720514110460872992342911426914085968925171047283551959438176842638248393001916461849761723788686849672587099247470619108226102749194377365957211
83376573229302805544975944509149284774996970543778074914627674348287076025187596517003245188425106120213868751995261400683562266929130325468966174950239792543569094919769614558639753125861509150119637
